Thu Nov 07 14:32:24 2013

Number of Points = 1988
Depth (nm)	Load (µN)	Time (s)
-4.370282	-0.680463	0.000000
-4.204539	-0.550192	0.016667
-4.038670	-0.608880	0.033333
-4.354268	-0.491503	0.050000
-5.151334	-0.198061	0.066667
-4.985592	-0.067734	0.083333
-5.461680	0.108330	0.100000
-4.493491	-0.054722	0.116667
-4.488237	0.134412	0.133333
-3.680284	-0.348157	0.150000
-3.995883	-0.230783	0.166667
-3.669651	-0.159020	0.183333
-3.985249	-0.041647	0.200000
-3.658891	-0.159020	0.216667
-4.134852	-0.172096	0.233333
-3.648004	-0.348157	0.250000
-4.605686	0.193099	0.266667
-3.637497	0.030176	0.283333
-3.311012	-0.276392	0.300000
-3.145143	-0.335079	0.316667
-3.139763	-0.335079	0.333333
-3.294872	-0.276392	0.350000
-3.771213	0.278115	0.366667
-3.765833	0.278115	0.383333
-3.760453	0.278115	0.400000
-2.952754	0.174006	0.416667
-2.786884	0.115322	0.433333
-2.300037	-0.060730	0.450000
-2.455019	-0.191364	0.466667
-2.449766	-0.002046	0.483333
-2.604875	0.056638	0.500000
-3.080963	0.232690	0.516667
-3.236199	0.480746	0.533333
-2.588989	0.435446	0.550000
-2.583736	0.624938	0.566667
-2.096761	0.259398	0.583333
-1.770402	0.142033	0.600000
-2.086128	0.448892	0.616667
-1.759769	0.331528	0.633333
-2.075368	0.448892	0.650000
-2.551582	0.814488	0.666667
-2.385840	0.945415	0.683333
-2.059482	0.828054	0.700000
-1.893739	0.959043	0.716667
-0.925424	0.606965	0.733333
-0.920044	0.606965	0.750000
-0.914664	0.606965	0.766667
-1.069773	0.665645	0.783333
-1.224882	0.724325	0.800000
-1.379991	0.783004	0.816667
-1.695717	1.090092	0.833333
-1.048507	1.045166	0.850000
-0.561659	0.869131	0.866667
-0.235301	0.751775	0.883333
-0.229921	0.751775	0.900000
-0.706008	0.927809	0.916667
-0.540139	0.869131	0.933333
-0.855738	0.986488	0.950000
-1.171591	1.483596	0.966667
-0.363764	1.190213	0.983333
-0.037406	1.072859	1.000000
0.128464	1.014183	1.016667
0.294333	0.955506	1.033333
0.299586	1.145476	1.050000
0.304966	1.145476	1.066667
-0.010633	1.262828	1.083333
0.155109	1.394180	1.100000
0.000000	1.452855	1.116667
0.647210	1.408242	1.133333
0.973186	1.861512	1.150000
1.459651	2.256645	1.166667
2.266839	2.916395	1.183333
3.555493	3.401651	1.200000
4.202061	4.314444	1.216667
5.330096	5.053411	1.233333
6.297511	6.045340	1.250000
7.585773	7.115527	1.266667
9.355501	8.013631	1.283333
10.964996	8.587138	1.300000
12.253511	9.280088	1.316667
13.541895	10.169435	1.333333
14.830407	10.867083	1.350000
15.797940	11.684126	1.366667
16.925829	12.640064	1.383333
18.374563	13.677553	1.400000
19.662937	14.581181	1.416667
21.111798	15.429161	1.433333
22.560790	16.083026	1.450000
23.849291	16.797654	1.466667
25.137922	17.316735	1.483333
26.265798	18.292001	1.500000
27.393806	19.071710	1.516667
28.682167	19.993865	1.533333
29.970661	20.719705	1.550000
31.259152	21.447718	1.566667
32.387020	22.436424	1.583333
33.675374	23.369521	1.600000

35.284839	23.987691	1.616667
36.412970	24.582551	1.633333
37.540830	25.581773	1.650000
38.829178	26.525408	1.666667
39.957034	27.530504	1.683333
41.245513	28.277328	1.700000
42.854969	28.909315	1.716667
43.822467	29.777504	1.733333
45.271294	30.676124	1.750000
46.399278	31.490504	1.766667
47.687750	32.248564	1.783333
48.976083	33.213693	1.800000
50.103925	34.240244	1.816667
51.231902	35.064013	1.833333
52.359602	36.302158	1.850000
53.808278	37.427212	1.866667
55.257367	37.935045	1.883333
56.545689	38.917444	1.900000
57.673658	39.753498	1.916667
58.962115	40.533283	1.933333
60.250571	41.315246	1.950000
61.378536	42.157816	1.966667
62.666989	42.944132	1.983333
63.794670	44.210137	2.000000
65.082979	45.211509	2.016667
66.371285	46.215833	2.033333
67.980709	46.895487	2.050000
68.948176	47.810922	2.066667
70.236477	48.823270	2.083333
71.524776	49.838570	2.100000
72.492095	50.973579	2.116667
73.780248	52.207608	2.133333
75.068398	53.445479	2.150000
76.517178	54.415051	2.166667
77.966099	55.173446	2.183333
79.094041	56.050731	2.200000
80.382471	56.871843	2.216667
81.510265	57.968687	2.233333
82.638203	58.852848	2.250000
83.765849	60.171202	2.266667
84.733004	61.551706	2.283333
86.341966	62.919823	2.300000
87.630239	63.974333	2.316667
88.918510	65.031799	2.333333
90.206633	66.310571	2.350000
91.334411	67.432652	2.366667
92.462040	68.776915	2.383333
93.910497	70.228236	2.400000
95.038268	71.360408	2.416667
96.005252	72.995160	2.433333
97.614189	74.401734	2.450000
98.741805	75.766138	2.466667
99.869418	77.134377	2.483333
100.996730	78.951967	2.500000
102.445165	80.435702	2.516667
103.572769	81.816880	2.533333
104.539431	83.933251	2.550000
105.826915	86.165566	2.566667
107.275184	87.896621	2.583333
108.723602	89.407341	2.600000
109.851038	91.039272	2.616667
110.978319	92.903444	2.633333
112.426573	94.657281	2.650000
113.393510	96.362965	2.666667
115.002245	98.070055	2.683333
116.290153	99.669709	2.700000
117.096591	101.448575	2.716667
118.705316	103.172481	2.733333
119.832724	104.845346	2.750000
120.799330	107.044991	2.766667
122.408043	108.786905	2.783333
123.535284	110.709058	2.800000
124.501877	112.929027	2.816667
125.949931	114.982033	2.833333
127.398137	116.807206	2.850000
128.846498	118.402769	2.866667
130.134366	120.061241	2.883333
131.101253	121.840614	2.900000
132.549604	123.450794	2.916667
133.516326	125.477610	2.933333
135.125158	127.040076	2.950000
136.092033	128.839377	2.966667
137.379560	131.006440	2.983333
138.988543	132.344632	3.000000
139.955407	134.159022	3.016667
141.243084	136.103420	3.033333
142.370430	137.870094	3.050000
143.658099	139.825884	3.066667
145.106253	141.729752	3.083333
146.394240	143.210849	3.100000
147.521572	144.997508	3.116667
148.648738	147.033409	3.133333
149.775735	149.320326	3.150000
151.384359	151.195159	3.166667
152.672330	152.699373	3.183333
153.960134	154.454092	3.200000
155.408589	155.908664	3.216667
156.215087	157.598485	3.233333
157.502715	159.614927	3.250000
158.790506	161.388599	3.266667
160.078294	163.167148	3.283333
161.205423	165.258221	3.300000
162.493036	167.297484	3.316667
164.101791	168.976155	3.333333
165.068756	170.639347	3.350000
166.517016	172.385045	3.366667
167.483807	174.308921	3.383333
168.610744	176.686155	3.400000
169.898504	178.505314	3.416667
171.346750	180.271622	3.433333
172.313357	182.470820	3.450000
174.082744	183.876652	3.466667
174.889197	185.632638	3.483333
176.337430	187.417968	3.500000
177.464683	189.323574	3.516667
178.591760	191.491481	3.533333
179.879322	193.607713	3.550000
181.167053	195.471335	3.566667
182.454781	197.339843	3.583333
183.902994	199.155597	3.600000
184.869738	201.149148	3.616667
186.317769	203.235445	3.633333
187.445170	204.920350	3.650000
188.732706	207.075112	3.666667
190.020589	208.711103	3.683333
191.147629	210.934294	3.700000
192.274665	213.163482	3.716667
193.562186	215.341105	3.733333
194.849702	217.524746	3.750000
195.976726	219.771948	3.766667
197.424723	221.910085	3.783333
198.712049	224.378302	3.800000
199.999728	226.319505	3.816667
201.287224	228.533247	3.833333
202.575076	230.216589	3.850000
203.702257	232.229953	3.866667
204.829254	234.517441	3.883333
205.956066	237.080833	3.900000
207.404031	239.266020	3.916667
208.691504	241.514691	3.933333
209.978973	243.769388	3.950000
210.945279	246.417280	3.966667
212.232556	248.957588	3.983333
213.519829	251.505170	4.000000
214.807097	254.060026	4.016667
216.094544	256.347212	4.033333
217.381802	258.915965	4.050000
218.669056	261.491995	4.066667
219.796002	263.855792	4.083333
221.083246	266.445711	4.100000
222.370672	268.764816	4.116667
223.658093	271.089953	4.133333
225.105999	273.363830	4.150000
226.072436	275.815603	4.166667
227.359846	278.158826	4.183333
228.647063	280.789146	4.200000
229.934653	282.863373	4.216667
230.900696	285.903730	4.233333
232.187709	288.838240	4.250000
233.635205	291.724193	4.266667
234.922778	293.822854	4.283333
236.049669	296.268473	4.300000
237.497533	298.605757	4.316667
238.624416	301.063429	4.333333
239.750910	304.100587	4.350000
241.038080	306.801758	4.366667
242.485926	309.165020	4.383333
243.933962	311.245735	4.400000
245.061017	313.445592	4.416667
246.027582	315.707435	4.433333
247.314730	318.440466	4.450000
248.601679	321.471776	4.466667
249.728329	324.277102	4.483333
251.175950	326.975607	4.500000
252.302787	329.502547	4.516667
253.750595	331.921466	4.533333
255.198597	334.052372	4.550000
256.164736	336.948505	4.566667
257.452045	339.442584	4.583333
258.257489	342.705536	4.600000
259.865367	345.692274	4.616667
261.152662	348.206866	4.633333
262.439553	351.323455	4.650000
263.887727	353.197275	4.666667
265.014722	355.487863	4.683333
266.141312	358.382632	4.700000
267.267696	361.585059	4.716667
268.554562	364.739256	4.733333
270.002113	367.543455	4.750000
271.289576	369.807074	4.766667
272.416345	372.435336	4.783333
273.864288	374.652498	4.800000
274.991049	377.292250	4.816667
276.118010	379.633421	4.833333
277.244559	382.589848	4.850000
278.531181	386.108678	4.866667
279.657514	389.387678	4.883333
280.944123	392.926043	4.900000
282.391626	395.801429	4.916667
283.678636	398.740869	4.933333
284.965641	401.687620	4.950000
286.413545	403.964880	4.966667
287.540469	406.360453	4.983333
288.667182	409.072030	5.000000
290.115076	411.364633	5.016667
291.081293	414.144361	5.033333
292.528760	417.073088	5.050000
293.494969	419.865475	5.066667
294.781518	423.493249	5.083333
296.389880	425.758248	5.100000
297.356075	428.569942	5.116667
298.643031	431.590560	5.133333
299.448306	435.104913	5.150000
300.734188	439.728716	5.166667
302.341889	442.980564	5.183333
303.628822	446.035033	5.200000
305.236725	448.983844	5.216667
306.042614	451.581699	5.233333
307.490021	454.600344	5.250000
308.777151	457.361209	5.266667
309.903789	460.184586	5.283333
311.190911	462.957581	5.300000
312.799220	465.300505	5.316667
313.765359	468.197880	5.333333
315.052686	470.664049	5.350000
316.018381	474.223043	5.366667
317.305046	477.677953	5.383333
318.591705	481.141562	5.400000
319.557163	485.053833	5.416667
321.004298	488.479212	5.433333
322.451426	491.913324	5.450000
323.577795	495.139286	5.466667
325.346551	497.487436	5.483333
326.152156	500.508684	5.500000
327.438999	503.698378	5.516667
328.404861	507.007865	5.533333
329.851513	511.153811	5.550000
331.620248	513.532271	5.566667
332.426279	515.919129	5.583333
334.034073	519.031820	5.600000
334.839873	521.762769	5.616667
335.805258	525.784703	5.633333
337.412812	529.255822	5.650000
338.378635	532.623088	5.666667
339.825237	536.842735	5.683333
341.272739	539.719806	5.700000
342.238093	543.788717	5.716667
344.006560	546.567666	5.733333
344.812099	549.689022	5.750000
345.938151	553.386556	5.766667
347.385172	556.980759	5.783333
348.511213	560.695695	5.800000
349.958223	564.307365	5.816667
351.405918	566.895944	5.833333
352.532173	570.290316	5.850000
353.819142	573.290929	5.866667
354.624645	576.465397	5.883333
356.231652	580.752045	5.900000
357.518840	583.426204	5.916667
358.644838	587.204328	5.933333
360.092039	590.530942	5.950000
361.058007	593.683384	5.966667
362.183989	597.485455	5.983333
363.630940	601.184596	6.000000
364.756910	605.004088	6.016667
366.203850	608.720717	6.033333
367.490768	611.796719	6.050000
368.777446	615.231965	6.066667
369.904106	618.022758	6.083333
371.029813	622.235963	6.100000
372.316238	626.048423	6.116667
373.602657	629.869615	6.133333
374.889071	633.699540	6.150000
376.497171	636.355094	6.166667
377.302352	640.009425	6.183333
378.588990	643.504151	6.200000
380.035870	647.309809	6.216667
380.840795	651.346600	6.233333
382.608638	655.058587	6.250000
383.574280	658.695868	6.266667
385.021379	662.173825	6.283333
386.468717	665.296591	6.300000
387.434588	668.592034	6.316667
388.560699	672.201812	6.333333
389.686317	676.547980	6.350000
390.972170	681.214278	6.366667
392.579726	684.683035	6.383333
393.545082	688.747701	6.400000
394.991894	692.654817	6.416667
395.957732	696.000547	6.433333
397.404038	700.661516	6.450000
398.690593	704.280647	6.466667
399.656169	708.017833	6.483333
401.584910	711.059478	6.500000
402.390238	714.494541	6.516667
403.677024	717.769740	6.533333
404.803068	721.479031	6.550000
406.249831	725.458545	6.566667
407.536352	729.127965	6.583333
408.501894	732.915226	6.600000
409.948389	737.295103	6.616667
411.234895	740.987960	6.633333
412.200421	744.798555	6.650000
413.486411	749.261271	6.666667
414.933387	752.922410	6.683333
416.219364	757.404098	6.700000
417.345356	761.191588	6.716667
418.471088	765.366835	6.733333
420.078020	769.766778	6.750000
421.364994	772.759655	6.766667
422.330479	776.632313	6.783333
423.937906	780.292196	6.800000
424.743152	783.850865	6.816667
426.189825	787.964264	6.833333
427.476522	791.371333	6.850000
428.762698	795.555837	6.866667
429.728412	799.086248	6.883333
431.174545	804.006067	6.900000
432.300477	807.883923	6.916667
433.747116	812.047860	6.933333
434.872777	816.330338	6.950000
436.319405	820.511853	6.966667
437.285352	823.694896	6.983333
438.571220	828.337881	7.000000
440.018357	831.760428	7.016667
440.822753	836.585978	7.033333
442.590327	840.699715	7.050000
443.394710	845.544915	7.066667
445.001784	849.731763	7.083333
446.448896	853.191094	7.100000
447.254057	856.875356	7.116667
448.861116	861.085762	7.133333
449.666002	865.180807	7.150000
451.112029	870.259206	7.166667
452.559384	873.354635	7.183333
453.685228	877.363167	7.200000
454.971285	881.724665	7.216667
456.418629	884.837850	7.233333
457.223754	888.575600	7.250000
458.670014	893.307388	7.266667
459.796103	896.950057	7.283333
461.081593	902.158151	7.300000
462.528645	905.706508	7.316667
463.332933	910.693466	7.333333
464.779161	915.472843	7.350000
466.225653	919.856072	7.366667
467.511927	923.895387	7.383333
468.476949	928.458674	7.400000
469.923151	933.276172	7.416667
471.369894	937.285346	7.433333
472.495934	941.000716	7.450000
473.299897	946.473163	7.466667
475.067597	950.397335	7.483333
476.193623	954.134097	7.500000
477.800551	958.539491	7.516667
478.766636	961.517509	7.533333
479.892095	966.100332	7.550000
481.338521	970.583523	7.566667
482.143552	974.461717	7.583333
483.589409	979.793051	7.600000
485.036097	983.885939	7.616667
485.679788	989.091746	7.633333
487.446877	993.929012	7.650000
488.732780	998.519913	7.666667
490.018959	1002.699935	7.683333
491.305697	1006.046867	7.700000
492.270894	1010.348462	7.716667
493.556777	1014.970945	7.733333
495.003139	1019.548251	7.750000
495.968038	1024.296299	7.766667
497.735077	1029.207126	7.783333
498.700816	1032.700160	7.800000
499.986955	1036.940216	7.816667
501.112888	1040.815956	7.833333
502.237674	1046.403126	7.850000
503.683997	1051.040043	7.866667
504.809055	1056.221386	7.883333
506.415851	1060.822889	7.900000
507.541759	1064.735991	7.916667
508.667951	1068.225385	7.933333
509.953471	1073.387909	7.950000
510.918591	1077.805592	7.966667
512.043034	1083.905039	7.983333
513.810282	1088.504498	8.000000
515.096356	1092.840334	8.016667
516.222522	1096.368981	8.033333
517.508296	1101.153121	8.050000
518.473384	1105.617818	8.066667
519.758855	1110.855054	8.083333
520.883540	1116.593233	8.100000
522.168409	1122.727718	8.116667
523.775123	1127.452487	8.133333
525.221934	1131.360932	8.150000
526.348064	1134.942680	8.166667
527.313409	1139.023319	8.183333
528.759617	1143.831941	8.200000
529.885735	1147.430871	8.216667
531.010072	1153.689429	8.233333
532.455965	1158.967954	8.250000
533.902743	1162.924584	8.266667
534.706979	1167.990149	8.283333
536.313637	1172.797800	8.300000
537.117562	1178.327080	8.316667
538.563723	1183.206471	8.333333
539.849391	1188.148000	8.350000
541.134754	1193.546788	8.366667
542.421012	1197.608489	8.383333
543.706663	1202.575811	8.400000
544.992912	1206.651093	8.416667
546.118067	1211.687809	8.433333
547.242611	1217.637086	8.450000
548.688724	1222.586618	8.466667
550.135439	1226.638376	8.483333
551.100693	1230.855586	8.500000
552.386305	1235.881871	8.516667
553.189845	1241.986841	8.533333
554.795498	1248.294919	8.550000
556.080783	1253.808421	8.566667
557.366368	1258.874408	8.583333
559.294504	1262.820486	8.600000
559.939674	1265.819384	8.616667
561.385731	1270.853955	8.633333
562.190456	1275.188440	8.650000
563.314604	1281.728008	8.666667
565.080994	1287.607950	8.683333
566.367470	1291.345278	8.700000
567.653632	1295.550715	8.716667
568.940100	1299.298682	8.733333
569.744176	1304.602793	8.750000
571.029390	1310.222525	8.766667
572.314910	1315.386729	8.783333
573.118030	1322.117870	8.800000
574.884365	1328.078994	8.816667
576.009379	1333.326030	8.833333
577.616157	1337.955014	8.850000
578.742104	1341.810147	8.866667
579.867417	1346.610584	8.883333
581.314011	1350.842497	8.900000
582.118029	1356.233759	8.916667
583.723833	1362.315795	8.933333
585.009610	1367.095528	8.950000
586.134580	1372.408940	8.966667
587.581467	1376.203092	8.983333
588.546260	1381.109459	9.000000
589.509453	1388.402113	9.016667
591.115535	1394.070362	9.033333
591.918865	1400.488373	9.050000
594.006707	1405.542947	9.066667
594.972432	1409.057221	9.083333
596.257840	1414.388354	9.100000
597.383079	1419.300444	9.116667
598.508312	1424.219977	9.133333
600.275158	1429.419562	9.150000
601.401673	1432.426358	9.166667
602.366084	1437.901174	9.183333
603.972753	1442.692717	9.200000
604.777317	1447.268572	9.216667
606.062358	1453.148121	9.233333
607.026421	1459.142256	9.250000
608.471607	1465.476801	9.266667
610.077595	1471.284181	9.283333
611.203103	1475.794555	9.300000
612.327624	1481.776488	9.316667
613.773764	1486.686259	9.333333
614.737788	1492.739319	9.350000
616.504558	1498.052264	9.366667
617.309401	1502.211620	9.383333
618.433892	1508.239873	9.400000
619.558045	1514.771335	9.416667
620.842675	1521.262933	9.433333
622.609083	1527.116579	9.450000
623.734540	1531.702258	9.466667
624.859329	1537.285713	9.483333
626.305413	1542.277976	9.500000
627.109221	1547.981889	9.516667
629.036416	1553.332670	9.533333
630.001699	1557.506756	9.550000
631.126460	1563.131644	9.566667
632.412034	1568.213811	9.583333
633.536784	1573.855696	9.600000
634.660855	1580.509262	9.616667
635.945740	1586.620966	9.633333
637.390765	1593.194624	9.650000
638.836795	1598.268792	9.666667
639.801704	1603.000561	9.683333
641.247048	1609.099309	9.700000
642.372093	1614.299617	9.716667
643.175486	1620.623323	9.733333
644.941438	1627.156394	9.750000
646.226951	1632.331110	9.766667
647.512458	1637.513339	9.783333
648.958786	1642.142333	9.800000
649.923657	1646.931506	9.816667
651.369292	1652.594348	9.833333
652.494981	1656.834544	9.850000
653.619637	1662.615534	9.866667
654.904772	1668.354177	9.883333
655.868588	1674.717583	9.900000
657.153021	1681.503322	9.916667
658.598621	1687.219704	9.933333
659.722555	1694.078994	9.950000
661.328625	1699.763635	9.966667
662.293100	1705.144142	9.983333
663.738675	1710.897010	10.000000
664.863276	1716.760853	10.016667
666.148355	1722.582585	10.033333
667.594261	1727.842081	10.050000
668.558360	1733.782813	10.066667
670.003906	1739.579645	10.083333
671.289311	1744.914010	10.100000
672.414578	1749.783837	10.116667
673.860458	1755.081727	10.133333
674.985716	1759.964622	10.150000
675.949431	1766.479129	10.166667
677.234107	1772.902435	10.183333
678.197102	1780.490825	10.200000
679.962861	1787.311873	10.216667
680.926193	1794.398549	10.233333
682.531807	1800.765441	10.250000
683.817510	1805.654653	10.266667
684.942726	1810.600729	10.283333
686.227710	1816.564459	10.300000
687.513400	1821.473643	10.316667
688.477406	1827.554850	10.333333
690.083340	1833.442854	10.350000
691.047691	1839.008000	10.366667
692.653972	1844.378742	10.383333
693.779155	1849.373326	10.400000
695.064100	1855.395204	10.416667
696.350117	1859.816686	10.433333
697.153601	1866.005368	10.450000
698.597932	1873.615143	10.466667
699.883213	1879.134041	10.483333
701.007284	1885.789533	10.500000
702.613160	1891.764448	10.516667
703.737942	1897.358248	10.533333
705.022839	1903.450868	10.550000
706.147974	1908.518154	10.566667
707.272013	1915.220274	10.583333
708.878224	1920.695015	10.600000
710.003345	1925.783475	10.616667
710.966882	1932.563059	10.633333
712.733561	1938.011176	10.650000
713.698184	1943.170860	10.666667
715.143520	1949.280615	10.683333
715.947650	1954.503942	10.700000
717.392607	1961.178535	10.716667
718.677442	1967.364406	10.733333
719.801788	1973.609143	10.750000
721.085873	1980.914235	10.766667
722.370320	1987.679885	10.783333
723.815613	1993.853901	10.800000
725.422494	1998.328445	10.816667
726.226956	2003.057133	10.833333
727.190041	2010.511267	10.850000
728.474457	2017.322923	10.866667
729.758493	2024.700853	10.883333
731.525462	2029.715640	10.900000
732.490012	2034.985116	10.916667
733.775897	2039.603890	10.933333
734.739690	2046.001727	10.950000
736.184177	2053.377908	10.966667
737.630157	2058.526640	10.983333
738.916025	2063.170864	11.000000
739.880547	2068.480157	11.016667
741.165655	2074.258254	11.033333
742.128662	2081.829959	11.050000
743.573865	2088.138883	11.066667
744.697339	2095.683592	11.083333
746.303012	2101.962600	11.100000
747.427608	2107.833250	11.116667
748.390958	2114.893073	11.133333
749.834989	2122.949556	11.150000
750.958807	2129.982530	11.166667
752.242719	2137.545452	11.183333
753.848734	2143.313524	11.200000
754.972913	2149.806931	11.216667
756.418817	2155.069285	11.233333
757.544133	2159.864864	11.250000
758.828779	2166.332355	11.266667
759.953321	2172.285135	11.283333
761.238340	2178.196393	11.300000
762.523354	2184.115231	11.316667
763.648265	2189.515934	11.333333
764.611147	2197.273508	11.350000
766.055855	2204.319931	11.366667
767.019108	2211.523648	11.383333
768.623898	2219.120158	11.400000
769.908490	2225.669134	11.416667
771.032593	2232.275920	11.433333
772.156301	2239.471813	11.450000
773.761061	2247.112894	11.466667
775.046017	2253.118252	11.483333
776.491841	2258.500114	11.500000
777.456603	2263.451471	11.516667
778.580671	2270.109811	11.533333
780.025308	2277.264199	11.550000
781.149756	2283.356084	11.566667
782.434681	2289.406927	11.583333
783.719209	2296.051817	11.600000
785.164606	2302.069988	11.616667
786.289427	2307.605010	11.633333
787.253367	2313.783182	11.650000
788.376206	2322.277285	11.666667
789.499035	2330.785237	11.683333
791.103302	2339.161920	11.700000
792.388181	2345.281527	11.716667
793.672659	2352.001269	11.733333
794.957130	2358.730011	11.750000
796.241993	2364.873758	11.766667
797.687732	2370.382253	11.783333
798.813300	2374.803275	11.800000
799.776786	2381.659299	11.816667
800.900348	2389.072612	11.833333
802.504950	2396.949414	11.850000
803.629300	2403.188192	11.866667
805.074609	2409.338370	11.883333
806.199350	2414.992875	11.900000
807.323283	2421.853794	11.916667
808.446807	2429.324555	11.933333
809.730403	2437.359567	11.950000
811.013587	2446.009406	11.966667
812.297975	2452.862682	11.983333
813.742839	2459.677106	12.000000
815.349394	2464.638386	12.016667
816.154347	2468.633638	12.033333
817.599197	2475.469321	12.050000
818.723483	2481.803050	12.066667
819.525172	2490.669113	12.083333
821.290559	2498.046116	12.100000
822.414827	2504.406601	12.116667
823.538273	2511.993927	12.133333
824.983085	2518.886045	12.150000
826.268228	2524.612618	12.166667
827.392065	2531.616523	12.183333
828.676788	2537.969381	12.200000
829.639720	2545.651231	12.216667
831.084092	2553.201087	12.233333
832.528455	2560.761558	12.250000
833.652674	2567.196348	12.266667
834.937369	2573.591320	12.283333
836.061164	2580.658144	12.300000
837.505916	2587.639285	12.316667
838.629284	2595.342506	12.333333
839.913127	2603.008956	12.350000
841.198209	2608.826201	12.366667
842.482871	2615.270260	12.383333
843.767528	2621.721946	12.400000
844.891698	2628.228416	12.416667
846.175511	2635.940497	12.433333
847.459316	2643.663140	12.450000
848.743533	2650.772148	12.466667
850.028162	2657.265321	12.483333
851.313205	2663.140640	12.500000
852.115541	2671.041714	12.516667
853.720697	2678.091427	12.533333
854.683501	2685.965707	12.550000
856.127742	2693.709779	12.566667
857.251435	2700.928860	12.583333
858.535181	2708.740160	12.600000
859.979401	2716.515245	12.616667
861.103074	2723.762831	12.633333
862.387647	2730.340358	12.650000
863.833120	2736.245888	12.666667
864.797145	2742.297853	12.683333
866.241334	2750.118776	12.700000
867.365405	2756.773481	12.716667
868.488193	2765.343004	12.733333
870.093696	2771.875236	12.750000
871.056842	2779.238538	12.766667
872.340517	2787.155791	12.783333
873.624613	2794.444825	12.800000
874.908703	2801.742914	12.816667
876.192787	2809.050059	12.833333
877.155473	2817.099990	12.850000
878.599165	2825.663232	12.866667
880.044140	2832.310831	12.883333
881.007237	2839.748212	12.900000
882.612251	2847.009574	12.916667
883.414855	2854.511160	12.933333
885.179906	2862.390085	12.950000
886.144276	2867.925600	12.966667
887.428306	2875.314216	12.983333
888.712762	2882.064348	13.000000
889.514903	2890.256814	13.016667
890.958525	2898.924704	13.033333
892.402139	2907.604910	13.050000
893.686136	2915.041760	13.066667
895.131480	2921.138895	13.083333
896.094941	2928.032167	13.100000
897.539402	2935.448118	13.116667
898.824690	2940.958768	13.133333
899.787260	2949.182276	13.150000
901.391745	2957.233142	13.166667
902.516099	2963.465096	13.183333
903.478649	2971.717804	13.200000
905.083555	2979.141153	13.216667
906.208335	2984.737534	13.233333
907.330906	2993.630686	13.250000
908.614833	3001.171898	13.266667
909.737389	3010.087749	13.283333
911.180898	3018.924746	13.300000
912.304768	3025.880003	13.316667
913.748705	3034.076604	13.333333
915.194413	3039.631619	13.350000
915.996862	3047.364277	13.366667
917.601261	3055.543430	13.383333
918.725549	3061.873792	13.400000
919.849387	3068.876213	13.416667
921.294181	3075.795689	13.433333
922.095707	3084.905500	13.450000
923.700074	3093.133207	13.466667
924.984369	3100.124367	13.483333
926.428691	3107.747530	13.500000
927.553394	3113.459628	13.516667
928.676745	3121.188998	13.533333
929.800090	3128.927395	13.550000
931.083008	3137.974438	13.566667
932.365917	3147.033756	13.583333
933.810654	3154.038387	13.600000
934.773945	3161.185530	13.616667
936.218218	3168.880852	13.633333
937.663392	3175.233322	13.650000
938.466188	3182.448168	13.666667
940.070924	3190.123825	13.683333
941.194215	3197.943019	13.700000
942.317500	3205.771246	13.716667
943.441234	3212.928978	13.733333
944.884555	3222.045790	13.750000
946.329237	3229.131583	13.766667
947.453411	3235.632660	13.783333
948.575752	3244.869623	13.800000
950.020875	3251.296748	13.816667
950.983638	3259.231474	13.833333
952.266438	3268.455523	13.850000
953.549229	3277.691865	13.866667
954.993411	3285.523364	13.883333
956.599448	3291.258779	13.900000
957.242142	3297.953088	13.916667
958.686309	3305.808281	13.933333
959.649030	3313.805505	13.950000
961.092260	3323.058456	13.966667
962.536870	3330.252042	13.983333
963.499573	3338.277135	14.000000
964.783229	3346.222912	14.016667
966.226894	3354.826417	14.033333
967.511002	3362.097727	14.050000
968.795570	3368.682651	14.066667
969.919188	3376.012710	14.083333
971.202815	3384.001855	14.100000
972.486902	3391.303943	14.116667
973.449091	3400.095353	14.133333
975.053191	3408.721722	14.150000
976.176782	3416.093493	14.166667
977.460378	3424.128208	14.183333
978.423478	3431.559768	14.200000
980.027552	3440.225008	14.216667
981.472549	3446.840749	14.233333
982.435634	3454.295952	14.250000
983.558251	3463.120396	14.266667
985.163241	3470.417632	14.283333
986.126310	3477.897096	14.300000
987.569866	3486.663082	14.316667
988.533396	3493.453641	14.333333
990.137892	3501.488833	14.350000
991.422844	3507.499572	14.366667
992.064455	3515.811637	14.383333
993.667510	3525.997193	14.400000
994.791019	3533.490127	14.416667
996.074527	3541.657209	14.433333
997.358504	3549.122859	14.450000
998.481521	3557.350741	14.466667
999.603578	3567.011828	14.483333
1001.207541	3575.842646	14.500000
1002.330060	3584.813743	14.516667
1003.934965	3592.237155	14.533333
1004.736993	3600.598972	14.550000
1006.662845	3607.952500	14.566667
1007.627260	3613.422889	14.583333
1008.589750	3621.765140	14.600000
1010.034151	3629.269736	14.616667
1011.157109	3637.586438	14.633333
1012.280060	3645.912216	14.650000
1013.884441	3654.118487	14.666667
1014.847385	3661.784686	14.683333
1016.130313	3670.815638	14.700000
1017.253724	3678.455692	14.716667
1018.536155	3688.229322	14.733333
1019.819063	3697.291501	14.750000
1021.101964	3706.364370	14.766667
1022.223893	3716.215928	14.783333
1023.989674	3723.004820	14.800000
1025.113050	3730.697201	14.816667
1026.397386	3737.627364	14.833333
1027.360273	3745.376924	14.850000
1028.804103	3753.735480	14.866667
1029.606012	3762.272907	14.883333
1031.369318	3772.756030	14.900000
1032.493150	3779.766890	14.916667
1033.776966	3787.473514	14.933333
1035.221746	3794.413231	14.950000
1036.185578	3800.753257	14.966667
1036.986471	3810.808663	14.983333
1038.428776	3821.442159	15.000000
1039.872057	3830.618815	15.016667
1041.315824	3839.070004	15.033333
1042.600588	3845.361878	15.050000
1043.723882	3853.175846	15.066667
1045.008638	3859.479341	15.083333
1045.970455	3868.826824	15.100000
1047.253221	3878.101008	15.116667
1048.535980	3887.385901	15.133333
1049.657757	3897.464594	15.150000
1051.422431	3905.904199	15.166667
1052.546681	3912.292293	15.183333
1053.347979	3921.742110	15.200000
1055.112637	3930.208021	15.216667
1055.914420	3938.933364	15.233333
1057.678066	3948.909157	15.250000
1058.802292	3955.331808	15.266667
1060.086493	3962.464966	15.283333
1061.048731	3971.182814	15.300000
1062.492397	3979.785187	15.316667
1063.453620	3990.019556	15.333333
1065.218730	3997.809013	15.350000
1066.020466	4006.605417	15.366667
1067.625088	4014.452640	15.383333
1068.427317	4022.514381	15.400000
1069.869937	4032.676878	15.416667
1071.314569	4039.837364	15.433333
1072.276753	4048.636390	15.450000
1073.398903	4058.158282	15.466667
1074.842001	4067.608551	15.483333
1076.286106	4075.556462	15.500000
1077.408742	4084.351577	15.516667
1078.692358	4092.356806	15.533333
1079.975969	4100.369801	15.550000
1081.260084	4107.631287	15.566667
1082.221711	4117.260975	15.583333
1083.664764	4126.778569	15.600000
1084.948353	4134.824652	15.616667
1086.231425	4143.640747	15.633333
1087.675481	4151.662269	15.650000
1088.799599	4158.245985	15.666667
1089.922690	4166.363198	15.683333
1091.205741	4175.212333	15.700000
1092.328308	4184.111317	15.716667
1093.611346	4192.978812	15.733333
1094.894378	4201.855508	15.750000
1096.016413	4211.549872	15.766667
1097.298917	4221.214406	15.783333
1098.581414	4230.889686	15.800000
1099.863388	4241.346108	15.816667
1100.985393	4251.084060	15.833333
1102.428345	4260.752017	15.850000
1103.711848	4268.925556	15.866667
1105.156342	4276.293248	15.883333
1106.440353	4283.707715	15.900000
1107.563884	4291.168865	15.916667
1108.847887	4298.596258	15.933333
1109.970370	4307.622035	15.950000
1110.931849	4317.473754	15.966667
1112.374751	4327.215903	15.983333
1113.818167	4336.190574	16.000000
1114.941668	4343.696554	16.016667
1116.224596	4352.728184	16.033333
1117.507518	4361.769029	16.050000
1118.468958	4371.679997	16.066667
1120.072820	4380.660279	16.083333
1121.034770	4389.809106	16.100000
1122.638620	4398.807976	16.116667
1123.762085	4406.367159	16.133333
1124.884494	4415.502220	16.150000
1126.488853	4423.741973	16.166667
1127.451827	4431.362006	16.183333
1129.056703	4438.830048	16.200000
1130.180673	4445.636063	16.216667
1130.982102	4454.890169	16.233333
1132.424374	4465.572985	16.250000
1133.385738	4475.596918	16.266667
1134.827994	4486.303792	16.283333
1136.432838	4493.818661	16.300000
1137.234766	4502.328611	16.316667
1138.356049	4513.145440	16.333333
1139.476259	4525.561890	16.350000
1141.239429	4536.248413	16.366667
1142.683769	4543.844683	16.383333
1143.807152	4551.525755	16.400000
1145.252017	4558.338675	16.416667
1146.054440	4566.110176	16.433333
1147.336683	4576.164031	16.450000
1148.779930	4585.391117	16.466667
1149.903290	4593.106945	16.483333
1151.186050	4602.389997	16.500000
1152.308328	4611.721156	16.516667
1153.590538	4621.824074	16.533333
1155.355782	4629.414885	16.550000
1155.836676	4638.125221	16.566667
1157.439281	4648.982567	16.583333
1158.722543	4657.516681	16.600000
1159.522753	4668.589773	16.616667
1161.286351	4678.637515	16.633333
1162.408578	4688.043747	16.650000
1163.690734	4698.228133	16.666667
1164.812949	4707.653482	16.683333
1165.934073	4718.706144	16.700000
1167.699262	4726.378123	16.716667
1168.661526	4735.059021	16.733333
1169.782629	4746.142921	16.750000
1171.225764	4755.538443	16.766667
1172.186921	4765.870816	16.783333
1173.791063	4774.433868	16.800000
1174.913773	4783.119361	16.816667
1176.196408	4792.589425	16.833333
1177.640604	4800.399351	16.850000
1178.602277	4809.962567	16.866667
1180.206392	4818.565801	16.883333
1181.008125	4827.366871	16.900000
1182.289085	4839.335778	16.916667
1183.733256	4847.184047	16.933333
1184.694349	4857.612370	16.950000
1186.135761	4869.579769	16.966667
1187.579915	4877.452727	16.983333
1188.541538	4887.090051	17.000000
1189.823553	4897.484237	17.016667
1190.784059	4908.788504	17.033333
1192.386457	4919.954717	17.050000
1193.669556	4928.731697	17.066667
1194.791621	4938.380316	17.083333
1196.717163	4946.196732	17.100000
1197.359455	4953.491965	17.116667
1198.967367	4956.428128	17.133333
1198.816708	4949.845261	17.150000
1198.192372	4931.809357	17.166667
1197.571884	4908.032099	17.183333
1196.473791	4878.663521	17.200000
1195.212972	4852.692035	17.216667
1193.792732	4825.185423	17.233333
1192.532373	4798.528034	17.250000
1191.432445	4771.899485	17.266667
1190.010977	4746.226322	17.283333
1188.749399	4721.388186	17.300000
1187.649881	4694.146170	17.316667
1185.905713	4671.160335	17.333333
1184.803412	4648.072283	17.350000
1183.701615	4624.233157	17.366667
1182.440378	4598.886434	17.383333
1181.661597	4571.888173	17.400000
1179.758902	4546.030594	17.416667
1178.656413	4523.224344	17.433333
1177.233468	4499.755126	17.450000
1175.647888	4479.546717	17.466667
1174.865191	4458.393346	17.483333
1173.603147	4434.250380	17.500000
1172.179534	4411.778646	17.516667
1171.238367	4387.670873	17.533333
1169.172251	4366.248356	17.550000
1168.227345	4347.720303	17.566667
1167.124028	4326.148998	17.583333
1165.859681	4305.443803	17.600000

1164.756821	4283.191110	17.616667
1163.170420	4264.208685	17.633333
1162.388449	4241.971901	17.650000
1161.125529	4219.136524	17.666667
1159.540072	4198.745391	17.683333
1158.758513	4175.893804	17.700000
1156.852037	4155.679160	17.716667
1156.067848	4136.753697	17.733333
1154.644279	4114.216029	17.750000
1153.379620	4093.975535	17.766667
1152.436395	4072.938783	17.783333
1150.691766	4050.640424	17.800000
1149.585464	4033.523896	17.816667
1148.481669	4012.667716	17.833333
1146.896408	3991.983610	17.850000
1145.790534	3974.228051	17.866667
1144.525164	3955.050199	17.883333
1143.099288	3935.955614	17.900000
1142.475773	3916.694820	17.916667
1140.569405	3896.319159	17.933333
1139.623881	3878.714241	17.950000
1138.197893	3859.786750	17.966667
1137.093329	3840.077216	17.983333
1135.989230	3819.674091	18.000000
1134.242692	3800.224071	18.016667
1133.297037	3782.814005	18.033333
1131.871398	3763.364943	18.050000
1130.765215	3746.072412	18.066667
1129.660966	3725.893161	18.083333
1128.074272	3707.346953	18.100000
1127.289943	3688.630031	18.116667
1125.704166	3668.716145	18.133333
1124.277380	3650.979963	18.150000
1123.171525	3633.196964	18.166667
1122.065644	3615.452382	18.183333
1120.478302	3597.874930	18.200000
1119.694289	3578.685608	18.216667
1118.268331	3559.712926	18.233333
1117.002343	3541.456726	18.250000
1115.414414	3524.754795	18.266667
1114.307421	3508.670631	18.283333
1112.880876	3490.574859	18.300000
1112.095269	3473.764570	18.316667
1110.828675	3456.412600	18.333333
1109.884905	3436.189706	18.350000
1108.298712	3416.896406	18.366667
1107.192984	3398.924700	18.383333
1105.123883	3381.957776	18.400000
1104.337184	3366.776983	18.416667
1103.069963	3350.361604	18.433333
1101.963664	3333.241394	18.450000
1101.179695	3313.987192	18.466667
1099.593296	3295.001315	18.483333
1098.167344	3276.019676	18.500000
1096.899529	3260.490614	18.516667
1095.471213	3245.038537	18.533333
1094.364294	3228.843407	18.550000
1093.097331	3212.042589	18.566667
1092.150843	3195.875187	18.583333
1090.564242	3177.191573	18.600000
1089.457224	3161.145377	18.616667
1088.190157	3144.499880	18.633333
1086.762130	3128.615526	18.650000
1085.816425	3111.279386	18.666667
1084.388349	3095.468975	18.683333
1083.443493	3076.865938	18.700000
1082.015816	3060.460679	18.716667
1080.427632	3044.139139	18.733333
1079.319518	3029.726832	18.750000
1078.052693	3012.720124	18.766667
1076.945429	2997.041041	18.783333
1075.838586	2980.732988	18.800000
1074.250276	2964.599630	18.816667
1072.821534	2949.782000	18.833333
1071.874212	2934.860317	18.850000
1070.606790	2918.745275	18.866667
1069.016620	2905.388248	18.883333
1068.391072	2889.160994	18.900000
1066.802615	2873.246656	18.916667
1066.017411	2855.836321	18.933333
1064.430209	2838.049315	18.950000
1063.323112	2822.120081	18.966667
1061.895461	2805.673575	18.983333
1060.467350	2789.914848	19.000000
1059.358879	2776.036489	19.016667
1057.929858	2761.636921	19.033333
1056.821776	2747.177324	19.050000
1055.875012	2731.422494	19.066667
1054.285870	2716.530765	19.083333
1053.018094	2700.943978	19.100000
1051.267570	2687.443845	19.116667
1050.318155	2675.645653	19.133333
1049.209943	2661.380971	19.150000
1047.941228	2647.195463	19.166667
1047.154357	2632.271143	19.183333
1045.888128	2614.376133	19.200000
1044.299219	2599.136368	19.216667
1043.029989	2585.719687	19.233333
1041.761994	2570.458272	19.250000
1040.653621	2556.434658	19.266667
1039.706957	2540.530615	19.283333
1038.118339	2524.856734	19.300000
1036.850242	2509.748552	19.316667
1035.420397	2496.577886	19.333333
1034.150601	2484.005739	19.350000
1033.203397	2468.907002	19.366667
1031.774312	2454.602047	19.383333
1030.344384	2441.556008	19.400000
1029.396290	2427.786468	19.416667
1027.805838	2414.849036	19.433333
1026.857295	2401.750558	19.450000
1025.588580	2387.564542	19.466667
1024.319436	2374.018708	19.483333
1023.051079	2359.298466	19.500000
1021.781890	2345.820358	19.516667
1020.834046	2331.678074	19.533333
1019.405534	2316.517100	19.550000
1018.136677	2302.544349	19.566667
1016.867795	2288.606898	19.583333
1015.438009	2275.347653	19.600000
1014.329167	2262.024322	19.616667
1012.898941	2249.421995	19.633333
1011.790055	2236.162057	19.650000
1010.359789	2223.620605	19.666667
1009.089985	2211.060439	19.683333
1008.302394	2197.211234	19.700000
1007.034508	2181.788183	19.716667
1005.444064	2168.840262	19.733333
1004.495528	2155.729962	19.750000
1003.226783	2141.588326	19.766667
1001.797143	2128.112820	19.783333
1000.688831	2113.997250	19.800000
999.097887	2101.795126	19.816667
997.988371	2089.475818	19.833333
996.879604	2076.039082	19.850000
995.288982	2063.356904	19.866667
994.178639	2052.272044	19.883333
992.748077	2040.170991	19.900000
991.638081	2028.569370	19.916667
990.528067	2016.994724	19.933333
989.419171	2003.750212	19.950000
987.989285	1990.639674	19.966667
986.718351	1979.765951	19.983333
985.769872	1966.571632	20.000000
984.179061	1954.170625	20.016667
982.908821	1942.261602	20.033333
981.960274	1929.168272	20.050000
980.690737	1916.209400	20.066667
979.581660	1903.235949	20.083333
977.991850	1889.341430	20.100000
976.560648	1878.195251	20.116667
975.932214	1866.276325	20.133333
974.181479	1853.090254	20.150000
972.910703	1841.981642	20.166667
971.639908	1830.900059	20.183333
970.208246	1820.440516	20.200000
968.936688	1810.499174	20.216667
967.986808	1799.394483	20.233333
966.877152	1787.284537	20.250000
966.089527	1773.487283	20.266667
964.338972	1760.033110	20.283333
963.068402	1748.615316	20.300000
961.637688	1736.742302	20.316667
960.527204	1725.868546	20.333333
959.578256	1713.373234	20.350000
957.987705	1700.584244	20.366667
956.717032	1689.321097	20.383333
955.446339	1678.087544	20.400000
953.853599	1668.566497	20.416667
952.902780	1658.864627	20.433333
951.632033	1647.711866	20.450000
950.199729	1638.210104	20.466667
949.410747	1626.437570	20.483333
947.818276	1616.514623	20.500000
947.029602	1604.282596	20.516667
945.438137	1592.858823	20.533333
944.327756	1581.831040	20.550000
943.217700	1570.317236	20.566667
941.465342	1559.554490	20.583333
940.514698	1549.591134	20.600000
939.404924	1537.656959	20.616667
937.973475	1526.880638	20.633333
937.024482	1514.453622	20.650000
935.432846	1503.284559	20.666667
934.321963	1493.005415	20.683333
932.729947	1482.402954	20.700000
931.457532	1473.740944	20.716667
930.507418	1462.986156	20.733333
929.397135	1451.811457	20.750000
927.965193	1441.771353	20.766667
926.854869	1430.658283	20.783333
925.101586	1421.275166	20.800000
924.632497	1411.006585	20.816667
922.880174	1400.190411	20.833333
921.929593	1390.133362	20.850000
920.820156	1377.696595	20.866667
918.906626	1368.011276	20.883333
918.116471	1357.989082	20.900000
916.523874	1348.253848	20.916667
915.412062	1339.362440	20.933333
914.301536	1328.551771	20.950000
912.708885	1318.897512	20.966667
911.758155	1309.061444	20.983333
910.487083	1298.393954	21.000000
909.054539	1289.250925	21.016667
908.104076	1279.017760	21.033333
906.511653	1269.023449	21.050000
905.560512	1259.801412	21.066667
904.450143	1248.756509	21.083333
903.018462	1238.324917	21.100000
901.907731	1227.820492	21.116667
900.314576	1218.918084	21.133333
899.363346	1209.829727	21.150000
898.092070	1199.466043	21.166667
896.177267	1191.680243	21.183333
895.386472	1182.613415	21.200000
893.953720	1173.781871	21.216667
893.002407	1164.816360	21.233333
891.731037	1154.594141	21.250000
890.137439	1146.353320	21.266667
889.506738	1137.817134	21.283333
887.914647	1127.327740	21.300000
886.802763	1118.542758	21.316667
885.691780	1108.414388	21.333333
884.098709	1099.386306	21.350000
882.987077	1090.225863	21.366667
881.554153	1081.650550	21.383333
880.120609	1074.001539	21.400000
879.490383	1064.756825	21.416667
878.057711	1055.804964	21.433333
876.946592	1045.879127	21.450000
875.675563	1035.147395	21.466667
873.921265	1027.279252	21.483333
872.969678	1018.722990	21.500000
871.536322	1010.793354	21.516667
870.423922	1002.778829	21.533333
869.312686	993.027515	21.550000
867.719384	984.345390	21.566667
866.928200	975.859321	21.583333
865.334570	967.665529	21.600000
864.061605	959.823613	21.616667
862.788915	951.570119	21.633333
861.355144	944.259489	21.650000
860.564170	935.459794	21.666667
858.970172	927.815654	21.683333
858.018104	919.978330	21.700000
857.227366	910.825949	21.716667
855.313207	902.080019	21.733333
854.521860	893.836229	21.750000
853.250175	884.083468	21.766667
851.816849	876.108839	21.783333
850.223302	867.791447	21.800000
848.949866	860.652782	21.816667
847.997388	853.425659	21.833333
846.724485	845.490714	21.850000
845.130593	837.688414	21.866667
844.338560	830.470454	21.883333
842.583873	823.183017	21.900000
841.791535	816.418740	21.916667
840.358622	807.828210	21.933333
838.924863	800.499457	21.950000
837.811787	793.493779	21.966667
836.859458	786.044702	21.983333
835.747447	777.449588	22.000000
834.635417	768.883740	22.016667
833.041908	760.510616	22.033333
831.769081	752.461320	22.050000
830.335750	744.493325	22.066667
828.740571	738.612003	22.083333
827.948351	731.673006	22.100000
826.514438	724.573082	22.116667
825.561971	717.331147	22.133333
824.128826	709.085280	22.150000
822.855354	701.999934	22.166667
821.581603	695.330782	22.183333
820.147615	688.342934	22.200000
819.033798	682.443744	22.216667
817.920757	675.386680	22.233333
816.646953	668.796291	22.250000
816.016125	660.450886	22.266667
814.101124	652.961380	22.283333
813.148507	645.941422	22.300000
811.714674	638.723159	22.316667
810.441054	631.858063	22.333333
809.327907	624.959817	22.350000
807.733284	618.248666	22.366667
806.620107	611.394197	22.383333
805.346428	604.616710	22.400000
803.911741	598.672823	22.416667
802.958503	592.580987	22.433333
801.524549	585.543678	22.450000
800.411050	579.170097	22.466667
798.976313	573.300652	22.483333
797.863038	566.592378	22.500000
796.749499	560.277691	22.516667
795.635947	553.982613	22.533333
794.202151	546.709292	22.550000
793.088571	540.456720	22.566667
791.493516	534.390058	22.583333
790.540396	528.121312	22.600000
789.105802	522.038576	22.616667
788.152901	515.444986	22.633333
786.879253	508.621420	22.650000
785.284130	502.656500	22.666667
784.009727	496.960796	22.683333
783.056527	490.811763	22.700000
781.621852	484.849202	22.716667
780.668387	479.096805	22.733333
779.234164	472.459728	22.750000
777.798974	467.267819	22.766667
776.845946	460.861382	22.783333
775.571930	454.588235	22.800000
774.458386	448.281140	22.816667
772.863131	442.514136	22.833333
771.588602	437.004969	22.850000
770.313829	431.862172	22.866667
769.039044	426.734919	22.883333
768.085689	420.817595	22.900000
766.972297	414.284335	22.916667
765.216016	409.377296	22.933333
763.941416	403.974284	22.950000
762.666346	399.274181	22.966667
761.712699	393.792102	22.983333
760.438294	388.098863	23.000000
759.003388	382.481312	23.016667
758.049479	377.392236	23.033333
756.614548	371.811765	23.050000
755.339641	366.867845	23.066667
754.064499	362.275104	23.083333
752.789796	357.026583	23.100000
751.675569	351.739356	23.116667
750.400842	346.525817	23.133333
749.126104	341.329777	23.150000
747.851354	336.151235	23.166667
746.576372	331.319788	23.183333
745.461867	326.447540	23.200000
744.347790	320.935458	23.216667
743.072776	316.152433	23.233333
741.797969	311.059275	23.250000
740.523367	305.659036	23.266667
738.927127	301.361881	23.283333
737.812557	296.586408	23.300000
736.376570	292.582890	23.316667
735.422253	288.100899	23.333333
734.307869	283.049014	23.350000
733.032771	278.390025	23.366667
731.596961	274.121116	23.383333
730.321631	269.809323	23.400000
728.885803	265.567750	23.416667
728.252406	261.056857	23.433333
726.817192	255.899401	23.450000
725.863009	251.218175	23.466667
724.267282	246.154375	23.483333
722.670708	242.355406	23.500000
721.555590	238.398306	23.516667
720.440671	234.143355	23.533333
719.326157	229.284557	23.550000
717.729755	225.228851	23.566667
716.453909	221.687141	23.583333
715.178055	218.155698	23.600000
713.741707	214.691325	23.616667
712.786612	211.371466	23.633333
711.671837	206.901696	23.650000
710.235670	203.166762	23.666667
709.280959	199.273136	23.683333
707.524002	195.374560	23.700000
706.729360	192.049355	23.716667
705.453850	188.004656	23.733333
704.338820	183.916636	23.750000
702.902804	179.956102	23.766667
702.108732	175.781329	23.783333
700.833582	171.199227	23.800000
699.397933	166.691575	23.816667
697.961681	163.083087	23.833333
696.685713	159.722634	23.850000
695.249250	156.429490	23.866667
694.133561	153.324158	23.883333
692.857768	149.702780	23.900000
691.421090	146.730547	23.916667
690.305576	143.363462	23.933333
688.869080	140.120857	23.950000
687.432190	137.464260	23.966667
686.476760	134.643588	23.983333
685.200541	131.657990	24.000000
684.405781	128.509587	24.016667
683.129932	124.971331	24.033333
681.854075	121.444932	24.050000
680.578021	118.213739	24.066667
678.980983	115.107272	24.083333
677.865214	112.121176	24.100000
676.909928	109.086524	24.116667
675.473358	105.951996	24.133333
674.357759	102.713136	24.150000
672.599826	100.271495	24.166667
671.805004	97.215094	24.183333
670.207734	94.454034	24.200000
669.091739	91.806526	24.216667
667.654576	89.557283	24.233333
666.378083	86.981173	24.250000
664.940727	85.019762	24.266667
664.306362	81.953122	24.283333
662.708694	79.786882	24.300000
661.913647	77.066599	24.316667
660.637495	73.981190	24.333333
659.039995	71.564030	24.350000
658.244933	68.866993	24.366667
656.968581	66.079354	24.383333
655.852712	63.242960	24.400000
654.415860	60.530253	24.416667
652.978822	58.094420	24.433333
651.702089	55.875964	24.450000
650.264685	53.988101	24.466667
648.987765	52.047668	24.483333
647.389866	50.227266	24.500000
646.273073	48.770080	24.516667
645.477610	46.670723	24.533333
644.200855	44.484564	24.550000
643.084408	42.510706	24.566667
641.807645	40.336102	24.583333
640.530703	38.430238	24.600000
639.253757	36.529315	24.616667
637.976808	34.633332	24.633333
636.860344	32.684662	24.650000
635.744051	30.480414	24.666667
634.627580	28.542124	24.683333
633.350618	26.666410	24.700000
631.913163	24.853301	24.716667
630.475705	23.045147	24.733333
629.198560	21.442060	24.750000
627.600089	20.473070	24.766667
626.483256	19.076178	24.783333
625.526909	17.624578	24.800000
624.089094	16.349094	24.816667
623.132743	14.903481	24.833333
621.373947	13.749473	24.850000
620.417592	12.309859	24.866667
619.139916	11.497840	24.883333
617.862410	10.433086	24.900000
617.227027	8.885685	24.916667
615.628711	7.687779	24.933333
614.672346	6.261853	24.950000
613.394834	5.207061	24.966667
611.956662	4.464574	24.983333
610.839635	3.356091	25.000000
609.562118	2.307607	25.016667
608.284431	1.512625	25.033333
607.167232	0.661403	25.050000
605.889375	0.120261	25.066667
604.932495	-0.535481	25.083333
603.814958	-0.882116	25.100000
602.537099	-1.420486	25.116667
601.901027	-1.939232	25.133333
600.623167	-2.475845	25.150000
599.826772	-3.184918	25.166667
598.869721	-3.585968	25.183333
597.431538	-4.310955	25.200000
596.474652	-4.959219	25.216667
595.517766	-5.606490	25.233333
594.560880	-6.252769	25.250000
593.283015	-6.782362	25.266667
592.165970	-7.864124	25.283333
591.048427	-8.201682	25.300000
589.610237	-8.917301	25.316667
588.653347	-9.558106	25.333333
587.375644	-10.328783	25.350000
586.097940	-11.097905	25.366667
584.820070	-11.619479	25.383333
583.381875	-12.327912	25.400000
581.622702	-12.919004	25.416667
580.344829	-13.437052	25.433333
578.425001	-13.722509	25.450000
577.307616	-14.296427	25.466667
575.387623	-14.335366	25.483333
573.628282	-14.675882	25.500000
571.547799	-14.655522	25.516667
568.825198	-14.159013	25.533333
549.250625	-6.605965	25.550000
550.055172	-2.005183	25.566667
561.294270	-5.321818	25.583333
562.904866	-6.391306	25.600000
562.107967	-6.347063	25.616667
561.311231	-6.547836	25.633333
557.465046	-5.403398	25.650000
555.063259	-4.779910	25.666667
551.537723	-3.261294	25.683333
555.073855	-4.534979	25.700000
556.042496	-5.372160	25.716667
554.764458	-5.643241	25.733333
551.721044	-5.276817	25.750000
547.874694	-3.887153	25.766667
544.188670	-2.310933	25.783333
546.922358	-3.295267	25.800000
545.323015	-2.960706	25.816667
546.291655	-3.796876	25.833333
543.248076	-3.185162	25.850000
541.809221	-2.908141	25.866667
541.012321	-2.862680	25.883333
539.413140	-2.771551	25.900000
538.616077	-2.481996	25.916667
537.819340	-2.680147	25.933333
535.096575	-1.939372	25.950000
536.707169	-3.005853	25.966667
531.577072	-1.396086	25.983333
533.187503	-2.218760	26.000000
530.785878	-1.836784	26.016667
531.273050	-2.497111	26.033333
529.192239	-1.987306	26.050000
527.272080	-1.778392	26.066667
526.154202	-1.615903	26.083333
525.357464	-1.812061	26.100000
523.116001	-1.001065	26.116667
523.924150	-1.776242	26.133333
521.041220	-1.461307	26.150000
521.528229	-1.877595	26.166667
518.645136	-1.319544	26.183333
516.724814	-0.866592	26.200000
515.446446	-0.645309	26.216667
516.254432	-1.177163	26.233333
515.297204	-1.313663	26.250000
515.303070	-2.039425	26.266667
511.617695	-1.431875	26.283333
510.018349	-1.093998	26.300000
507.777048	-0.524246	26.316667
507.301124	-0.591859	26.333333
506.985850	-0.958699	26.350000
506.510087	-1.267341	26.366667
505.552857	-1.401868	26.383333
504.114161	-1.362263	26.400000
501.070577	-0.742788	26.416667
499.310742	-0.345991	26.433333
497.550907	0.050886	26.450000
499.161336	-0.769382	26.466667
498.846061	-1.134567	26.483333
496.444592	-0.986276	26.500000
495.647851	-1.176921	26.516667
493.246221	-0.787593	26.533333
491.968012	-0.803788	26.550000
489.726871	-0.471862	26.566667
489.250945	-0.537697	26.583333
488.614691	-0.785131	26.600000
487.657459	-0.916353	26.616667
485.095340	-0.467491	26.633333
484.780063	-0.830114	26.650000
483.501853	-0.844576	26.666667
482.544621	-0.974748	26.683333
480.945433	-0.872701	26.700000
479.346085	-0.531617	26.716667
477.586408	-0.371155	26.733333
476.629015	-0.261823	26.750000
475.190156	0.021566	26.766667
475.356345	-0.513376	26.783333
474.238782	-0.822354	26.800000
473.442197	-1.246768	26.816667
470.398608	-0.620656	26.833333
468.799260	-0.278481	26.850000
467.360400	0.005766	26.866667
467.205451	-0.173976	26.883333
466.729842	-0.712836	26.900000
465.612118	-0.781708	26.916667
463.691951	-0.560245	26.933333
462.413738	-0.570567	26.950000
460.333081	-0.290530	26.966667
459.375846	-0.416352	26.983333
457.937144	-0.367848	27.000000
456.658772	-0.140413	27.016667
456.664470	-0.613726	27.033333
454.904790	-0.448504	27.050000
454.589509	-0.805268	27.066667
451.867054	-0.527509	27.083333
450.107215	-0.125274	27.100000
448.828843	0.102940	27.116667
448.995186	-0.662901	27.133333
446.753880	-0.086187	27.150000
447.562178	-1.083452	27.166667
444.518586	-0.451731	27.183333
443.240371	-0.458192	27.200000
441.480689	-0.290248	27.216667
441.165407	-0.644464	27.233333
439.566213	-0.534034	27.250000
438.769307	-0.478717	27.266667
436.528158	-0.135664	27.283333
436.533852	-0.605095	27.300000
433.811237	-0.087321	27.316667
434.458886	-0.788487	27.333333
431.415292	-0.154032	27.350000
431.741807	-0.504400	27.366667
429.821635	-0.275953	27.383333
428.543574	-0.513422	27.400000
427.265357	-0.516566	27.416667
425.986983	-0.285760	27.433333
423.745832	0.059929	27.450000
424.393480	-0.639413	27.466667
421.991997	-0.468415	27.483333
421.195089	-0.411279	27.500000
419.756382	-0.354882	27.516667
418.157029	-0.007143	27.533333
417.681411	-0.531696	27.550000
416.082215	-0.416417	27.566667
414.803995	-0.417039	27.583333
413.525776	-0.417396	27.600000
411.766090	-0.243216	27.616667
411.611293	-0.649684	27.633333
409.530629	-0.358782	27.650000
408.091920	-0.299982	27.666667
407.295166	-0.473304	27.683333
405.214346	0.050168	27.700000
405.861992	-0.645661	27.716667
404.102460	-0.701232	27.733333
402.021795	-0.408687	27.750000
401.546019	-0.696932	27.766667
398.020953	0.119145	27.783333
398.026333	0.119145	27.800000
397.871534	-0.284796	27.816667
396.272335	-0.165480	27.833333
396.599156	-0.973965	27.850000
393.395222	-0.503324	27.866667
392.437978	-0.615425	27.883333
389.554712	0.200443	27.900000
389.720890	-0.318107	27.916667
388.924134	-0.487675	27.933333
387.164444	-0.308228	27.950000
385.565089	0.043176	27.966667
386.212887	-0.878598	27.983333
383.008797	-0.175160	28.000000
383.817082	-1.154163	28.016667
380.292014	-0.333743	28.033333
378.532016	0.305768	28.050000
378.377215	-0.094397	28.066667
376.938502	-0.029196	28.083333
377.104677	-0.545155	28.100000
376.147584	-0.882569	28.116667
372.783003	-0.118692	28.133333
372.949178	-0.633789	28.150000
369.905422	0.242681	28.166667
369.911108	-0.213882	28.183333
367.669949	0.143947	28.200000
367.675635	-0.312120	28.216667
366.879029	-0.704989	28.233333
364.958847	-0.462535	28.250000
363.841110	-0.510614	28.266667
363.204991	-0.960317	28.283333
359.519431	-0.077085	28.300000
359.845941	-0.420617	28.316667
356.641695	0.515623	28.333333
358.252116	-0.293138	28.350000
357.134530	-0.566791	28.366667
354.572543	-0.316300	28.383333
354.257249	-0.653166	28.400000
352.176577	-0.349822	28.416667
350.737860	-0.278918	28.433333
350.262076	-0.556843	28.450000
347.539448	-0.019940	28.466667
347.384642	-0.413721	28.483333
345.945924	-0.341759	28.500000
344.667695	-0.327720	28.516667
344.031422	-0.546184	28.533333
341.469281	-0.066075	28.550000
341.474963	-0.516801	28.566667
340.196734	-0.501715	28.583333
337.955570	-0.137170	28.600000
338.121741	-0.645353	28.616667
334.596666	0.185357	28.633333
335.244152	-0.272225	28.650000
333.645094	-0.364122	28.666667
332.206375	-0.289244	28.683333
331.409611	-0.446940	28.700000
328.847468	0.035948	28.716667
328.692660	-0.354077	28.733333
328.056384	-0.569218	28.750000
325.494391	-0.309280	28.766667
325.981537	-0.931321	28.783333
322.616949	-0.155814	28.800000
321.659545	-0.029947	28.816667
320.220824	0.047323	28.833333
319.102931	0.231622	28.850000
320.232182	-0.845445	28.866667
318.472632	-0.873866	28.883333
316.231465	-0.504270	28.900000
315.434848	-0.881107	28.916667
311.749131	0.235778	28.933333
311.594172	0.071544	28.950000
310.155300	0.373276	28.966667
310.481956	-0.187835	28.983333
310.969398	-1.251130	29.000000
307.925934	-0.810271	29.016667
306.808188	-0.846087	29.033333
303.925064	-0.240896	29.050000
301.844236	0.294815	29.066667
302.491720	-0.159670	29.083333
300.411189	-0.066458	29.100000
299.935250	-0.112929	29.116667
300.583030	-1.009308	29.133333
297.058097	-0.390410	29.150000
297.224262	-0.890228	29.166667
293.538691	0.008522	29.183333
293.062752	-0.037237	29.200000
291.624027	0.046238	29.216667
290.666621	0.175477	29.233333
290.672444	-0.485258	29.250000
289.394207	-0.459279	29.266667
287.153183	-0.303267	29.283333
286.677391	-0.568010	29.300000
283.794410	-0.177896	29.316667
283.960574	-0.675127	29.333333
281.237788	0.096277	29.350000
280.761995	-0.167443	29.366667
281.088793	-0.941425	29.383333
278.847621	-0.563376	29.400000
277.248404	-0.418202	29.416667
276.130801	-0.666276	29.433333
272.926547	0.281008	29.450000
274.536964	-0.520443	29.466667
272.135302	-0.082861	29.483333
271.178186	-0.387877	29.500000
269.739458	-0.299409	29.516667
268.782342	-0.603482	29.533333
268.306547	-0.864191	29.550000
266.065518	-0.700876	29.566667
263.342731	0.072832	29.583333
263.027279	-0.028010	29.600000
261.267571	0.178669	29.616667
262.236176	-0.605696	29.633333
260.637103	-0.673853	29.650000
259.519350	-0.699530	29.666667
258.241254	-0.883359	29.683333
254.395188	0.083072	29.700000
254.400713	-0.133463	29.716667
252.961982	-0.041438	29.733333
251.844084	0.150487	29.750000
252.010243	-0.340354	29.766667
249.929845	-0.446391	29.783333
249.133069	-0.586522	29.800000
247.213014	-0.533741	29.816667
245.613793	-0.381555	29.833333
244.335550	-0.345775	29.850000
242.254861	-0.018035	29.866667
242.420874	-0.291616	29.883333
241.624241	-0.645270	29.900000
239.864530	-0.433421	29.916667
239.067753	-0.571381	29.933333
237.308185	-0.573627	29.950000
235.548473	-0.360846	29.966667
235.072674	-0.614615	29.983333
232.028906	0.279782	30.000000
232.195062	-0.207014	30.016667
231.558916	-0.615805	30.033333
230.762137	-0.751856	30.050000
229.484035	-0.926280	30.066667
226.922019	-0.633218	30.083333
225.001817	-0.359682	30.100000
224.044406	-0.222811	30.116667
223.247483	-0.144240	30.133333
222.771825	-0.608575	30.150000
220.691133	-0.275732	30.166667
220.536309	-0.643103	30.183333
219.097857	-0.968488	30.200000
216.214577	-0.130215	30.216667
215.738632	-0.167545	30.233333
213.818570	-0.104008	30.250000
213.342625	-0.141081	30.266667
213.027454	-0.660618	30.283333
211.749347	-0.829291	30.300000
210.471099	-0.785718	30.316667
208.069568	-0.544693	30.333333
205.988732	0.002929	30.350000
205.352439	-0.186275	30.366667
204.395026	-0.047201	30.383333
203.919364	-0.505541	30.400000
202.801603	-0.518801	30.416667
201.523494	-0.684214	30.433333
200.084896	-0.790656	30.450000
198.004201	-0.452452	30.466667
196.083853	0.037997	30.483333
195.608047	-0.207467	30.500000
194.169167	0.107970	30.516667
194.977414	-0.814487	30.533333
192.736369	-0.626554	30.550000
191.297629	-0.520406	30.566667
189.377421	-0.238738	30.583333
187.938680	-0.132056	30.600000
187.141895	-0.258799	30.616667
185.863643	-0.210020	30.633333
184.745880	-0.219406	30.650000
183.788606	-0.286962	30.666667
182.831471	-0.563109	30.683333
180.911262	-0.279448	30.700000
179.633148	-0.437781	30.716667
178.033777	-0.061912	30.733333
177.718598	-0.570094	30.750000
175.798388	-0.285238	30.766667
175.162230	-0.675618	30.783333
173.562858	-0.299125	30.800000
171.482298	-0.162754	30.816667
170.685232	0.129469	30.833333
170.049073	-0.259582	30.850000
169.252286	-0.382265	30.866667
169.258082	-1.004206	30.883333
165.893608	-0.398091	30.900000
164.615491	-0.551278	30.916667
163.176607	-0.231986	30.933333
161.256395	0.056065	30.950000
160.780446	0.024814	30.966667
160.786242	-0.594718	30.983333
159.668474	-0.598200	31.000000
159.513918	-1.364467	31.016667
154.865390	-0.080889	31.033333
154.068600	-0.200271	31.050000
152.469089	0.384433	31.066667
152.474745	-0.027043	31.083333
151.678092	-0.351446	31.100000
151.362907	-0.850730	31.116667
149.603319	-0.823164	31.133333
147.522753	-0.678054	31.150000
144.318488	0.286678	31.166667
144.644983	-0.035139	31.183333
143.206373	-0.122968	31.200000
143.533005	-0.649106	31.216667
141.612927	-0.560535	31.233333
140.174178	-0.442671	31.250000
139.217034	-0.704090	31.266667
136.975839	-0.293101	31.283333
135.376601	-0.115824	31.300000
135.061276	-0.406274	31.316667
132.178125	0.239530	31.333333
133.467554	-0.431988	31.350000
131.707962	-0.398623	31.366667
130.269349	-0.481693	31.383333
129.793669	-0.915247	31.400000
127.071006	-0.326325	31.416667
126.113723	-0.380748	31.433333
124.514483	-0.200863	31.450000
122.915243	-0.020712	31.466667
123.081519	-0.686274	31.483333
120.358854	-0.095848	31.500000
120.685483	-0.617035	31.516667
118.604910	-0.462014	31.533333
117.166023	-0.137095	31.550000
117.171809	-0.742127	31.566667
114.128300	-0.234578	31.583333
113.491858	-0.201828	31.600000
112.534708	-0.454385	31.616667
109.972531	0.079961	31.633333
110.780491	-0.413713	31.650000
109.502362	-0.548075	31.666667
107.903254	-0.564794	31.683333
106.464634	-0.639482	31.700000
103.420855	0.272436	31.716667
103.747481	-0.245246	31.733333
101.987883	-0.201685	31.750000
100.709618	-0.133290	31.766667
101.517711	-0.825790	31.783333
98.955666	-0.488146	31.800000
98.479980	-0.911115	31.816667
95.757445	-0.513742	31.833333
92.874020	0.540292	31.850000
94.805537	-0.560805	31.866667
92.403979	-0.279557	31.883333
92.409759	-0.876169	31.900000
90.810647	-0.886595	31.916667
88.087977	-0.288028	31.933333
88.575090	-0.860561	31.950000
85.210596	-0.225361	31.966667
84.574152	-0.189207	31.983333
83.616995	-0.431805	32.000000
80.894191	0.366088	32.016667
82.665218	-0.673850	32.033333
80.103300	-0.527073	32.050000
79.466988	-0.687625	32.066667
78.670319	-0.986576	32.083333
75.145201	-0.091968	32.100000
75.471823	-0.603159	32.116667
72.267683	0.174838	32.133333
71.952217	0.095229	32.150000
72.439328	-0.473947	32.166667
70.037897	-0.381140	32.183333
70.043671	-0.970077	32.200000
68.284064	-0.913897	32.216667
65.721880	-0.368249	32.233333
65.246186	-0.779915	32.250000
61.560445	0.372273	32.266667
61.886804	0.255064	32.283333
61.892577	-0.331656	32.300000
59.972479	-0.214547	32.316667
61.262165	-1.269078	32.333333
56.934729	-0.271654	32.350000
56.619522	-0.738972	32.366667
55.341249	-0.659439	32.383333
52.458084	0.006540	32.400000
52.784703	-0.499600	32.416667
50.062157	-0.085930	32.433333
50.388646	-0.397353	32.450000
50.394546	-1.173480	32.466667
46.227466	-0.036862	32.483333
47.356530	-0.834711	32.500000
44.954961	-0.535972	32.516667
43.516197	-0.395116	32.533333
43.040498	-0.799020	32.550000
40.157331	-0.129791	32.566667
40.002480	-0.457137	32.583333
38.563845	-0.507903	32.600000
37.124951	-0.172847	32.616667
37.612315	-1.119063	32.633333
33.926700	-0.154984	32.650000
34.092827	-0.598160	32.666667
32.172594	-0.278659	32.683333
31.054807	-0.252144	32.700000
30.579105	-0.651798	32.716667
28.177531	-0.347043	32.733333
27.220104	-0.186669	32.750000
27.225997	-0.952335	32.766667
23.700870	-0.044271	32.783333
24.508953	-0.719802	32.800000
21.304804	0.071492	32.816667
20.989461	-0.192906	32.833333
21.476692	-0.941062	32.850000
18.272670	-0.339289	32.866667
18.438795	-0.778729	32.883333
15.876857	-0.600772	32.900000
14.598577	-0.511407	32.916667
13.159809	-0.363108	32.933333
11.239445	0.151230	32.950000
12.208015	-0.580273	32.966667
10.448521	-0.692920	32.983333
8.849262	-0.484788	33.000000
8.373681	-1.065426	33.016667
5.330019	-0.328327	33.033333
5.014673	-0.588682	33.050000
2.291989	0.031587	33.066667
1.655538	0.077709	33.083333
2.303254	-0.722665	33.100000
0.383142	-0.583371	33.116667
