Thu Nov 07 14:40:13 2013

Number of Points = 2009
Depth (nm)	Load (µN)	Time (s)
-4.813361	-0.738012	0.000000
-5.768732	-0.763861	0.016667
-6.563613	-0.848150	0.033333
-6.716791	-0.789459	0.050000
-6.709606	-0.600621	0.066667
-7.825719	-0.189791	0.083333
-7.016087	-0.294346	0.100000
-7.811348	0.188050	0.116667
-6.038655	-0.457525	0.133333
-5.549875	-0.633591	0.150000
-5.381947	-0.881240	0.166667
-5.535125	-0.822550	0.183333
-6.811727	-0.353036	0.200000
-6.965031	-0.105393	0.216667
-6.636868	-0.033758	0.233333
-6.148215	-0.020748	0.250000
-5.177967	-0.372871	0.266667
-5.331018	-0.503260	0.283333
-4.842239	-0.679324	0.300000
-5.316395	-0.503260	0.316667
-6.111656	-0.020748	0.333333
-5.622876	-0.196809	0.350000
-6.257648	0.227070	0.366667
-5.126912	-0.183735	0.383333
-4.798621	-0.301107	0.400000
-5.272777	-0.125048	0.416667
-4.784124	-0.111912	0.433333
-4.776813	-0.111912	0.450000
-4.769501	-0.111912	0.466667
-4.280721	-0.287968	0.483333
-4.915367	-0.053226	0.500000
-4.587203	0.018657	0.516667
-4.258913	-0.098712	0.533333
-4.733069	0.077342	0.550000
-4.244289	-0.098712	0.566667
-4.558083	0.207970	0.583333
-4.069303	0.031918	0.600000
-3.741013	-0.085450	0.616667
-3.894190	-0.026766	0.633333
-3.726389	-0.085450	0.650000
-4.361035	0.149286	0.666667
-4.353850	0.338658	0.683333
-3.544092	0.045241	0.700000
-3.697396	0.293358	0.716667
-3.048127	0.058627	0.733333
-3.201305	0.117310	0.750000
-3.354482	0.175992	0.766667
-3.347170	0.175992	0.783333
-3.179496	0.306803	0.800000
-3.172185	0.306803	0.816667
-3.004383	0.248122	0.833333
-3.157688	0.496355	0.850000
-2.668908	0.320312	0.866667
-2.982575	0.437674	0.883333
-2.333306	0.202950	0.900000
-2.646973	0.320312	0.916667
-2.800278	0.568605	0.933333
-2.792966	0.568605	0.950000
-2.946270	0.816954	0.966667
-2.778469	0.758274	0.983333
-2.129328	0.713287	1.000000
-2.122016	0.713287	1.016667
-1.793726	0.595929	1.033333
-1.947030	0.844398	1.050000
-1.939718	0.844398	1.066667
-2.092896	0.903076	1.083333
-1.925222	1.034246	1.100000
-1.757421	0.975569	1.116667
-1.589620	0.916891	1.133333
-1.421946	1.048123	1.150000
-1.093656	0.930769	1.166667
-1.567812	1.106799	1.183333
-1.239522	0.989446	1.200000
-1.232337	1.179414	1.216667
-1.706493	1.355442	1.233333
-1.217841	1.369440	1.250000
-1.210529	1.369440	1.266667
-1.042855	1.500850	1.283333
-0.875054	1.442175	1.300000
-0.867870	1.632319	1.316667
-0.539580	1.514972	1.333333
-0.692757	1.573646	1.350000
-0.525083	1.705176	1.366667
-0.357282	1.646503	1.383333
-0.349971	1.646503	1.400000
-0.021808	1.719421	1.416667
-0.174985	1.778093	1.433333
-0.167674	1.778093	1.450000
0.000000	1.909743	1.466667
0.327780	2.554279	1.483333
0.816432	2.568891	1.500000
1.465061	3.288196	1.516667
2.595029	4.024274	1.533333
3.403889	5.071500	1.550000
4.533597	6.196485	1.566667
5.984409	7.015376	1.583333
7.274601	8.088890	1.600000

8.404431	9.031354	1.616667
9.854978	10.247398	1.633333
10.984543	11.585520	1.650000
12.274724	12.674806	1.666667
13.725392	13.709314	1.683333
15.176058	14.747661	1.700000
16.466231	15.848443	1.716667
17.916892	16.894465	1.733333
19.207325	17.608273	1.750000
20.176513	18.836755	1.766667
21.466677	19.951900	1.783333
22.756839	21.070875	1.800000
24.207621	21.936002	1.816667
25.818756	22.945066	1.833333
27.269801	23.416680	1.850000
28.399733	24.207101	1.866667
29.208685	25.116764	1.883333
30.338344	26.313476	1.900000
31.949469	27.338427	1.916667
33.079258	28.340835	1.933333
34.690649	28.968313	1.950000
35.659946	30.034703	1.966667
37.110844	30.725414	1.983333
38.561605	31.621755	2.000000
39.530896	32.696538	2.016667
40.660812	33.511483	2.033333
41.951078	34.474739	2.050000
43.401831	35.382463	2.066667
44.852719	36.087686	2.083333
46.143118	36.853565	2.100000
47.273163	37.473972	2.116667
48.242581	38.360764	2.133333
49.532697	39.546510	2.150000
50.822951	40.528737	2.166667
52.113202	41.513913	2.183333
53.403590	42.293911	2.200000
54.693978	43.076087	2.216667
55.984224	44.069281	2.233333
57.435097	44.797749	2.250000
58.564990	45.645240	2.266667
59.694882	46.494899	2.283333
60.824773	47.346728	2.300000
62.115010	48.353004	2.316667
63.726223	49.245440	2.333333
64.856251	49.893057	2.350000
65.985993	50.965749	2.366667
67.115876	51.829159	2.383333
68.727082	52.732193	2.400000
69.536127	53.504119	2.416667
70.826351	54.528972	2.433333
72.116431	55.770543	2.450000
73.567140	56.743365	2.466667
74.696870	57.835845	2.483333
75.826597	58.931267	2.500000
77.277300	59.912962	2.516667
78.246390	61.288507	2.533333
79.697089	62.276534	2.550000
80.987298	63.325843	2.566667
82.117015	64.436417	2.583333
83.567708	65.433327	2.600000
84.537079	66.390124	2.616667
85.827133	67.669218	2.633333
86.956549	69.229364	2.650000
88.407087	70.458339	2.666667
89.376155	71.865986	2.683333
90.826688	73.102661	2.700000
91.956240	74.459710	2.716667
92.925152	76.100189	2.733333
93.893764	78.189422	2.750000
95.504326	80.052915	2.766667
96.794056	81.816811	2.783333
97.923292	83.644898	2.800000
99.212863	85.645220	2.816667
100.342092	87.485831	2.833333
101.631653	89.499936	2.850000
102.921210	91.521263	2.866667
103.889785	93.666141	2.883333
105.660799	95.527430	2.900000
106.629516	97.458413	2.916667
108.240186	99.162797	2.933333
109.369692	100.588769	2.950000
110.499041	102.248431	2.966667
111.788567	104.315772	2.983333
112.917754	106.217290	3.000000
114.207271	108.298426	3.016667
115.657428	110.096313	3.033333
116.626114	112.074430	3.050000
117.915461	114.409576	3.066667
119.204959	116.518968	3.083333
120.333963	118.693635	3.100000
121.783940	120.759447	3.116667
123.073582	122.654300	3.133333
124.363061	124.791970	3.150000
125.652853	126.461981	3.166667
127.102972	128.316813	3.183333
128.232269	130.055088	3.200000
129.522051	131.740235	3.216667
130.651341	133.488221	3.233333
131.940956	135.423238	3.250000
133.391055	137.306298	3.266667
134.359846	139.127876	3.283333
135.809938	141.022343	3.300000
137.099700	142.738299	3.316667
138.068481	144.574960	3.333333
139.357910	146.787734	3.350000
140.647497	148.763522	3.366667
141.776756	150.558438	3.383333
143.066171	152.790973	3.400000
144.676724	154.669012	3.416667
145.966791	155.929371	3.433333
146.935548	157.802142	3.450000
148.385601	159.753707	3.466667
149.675495	161.273026	3.483333
150.965385	162.796211	3.500000
152.255107	164.572235	3.516667
153.223848	166.468756	3.533333
154.513562	168.254517	3.550000
155.803274	170.045154	3.566667
156.932494	171.898454	3.583333
158.221861	174.202294	3.600000
159.832540	175.893099	3.616667
160.962087	177.256489	3.633333
162.091124	179.382570	3.650000
163.059669	181.572376	3.666667
164.509675	183.594968	3.683333
165.799188	185.681306	3.700000
167.249529	187.204659	3.716667
168.218229	189.161091	3.733333
169.507904	191.006987	3.750000
170.797575	192.857766	3.766667
172.087416	194.455737	3.783333
173.216419	196.631639	3.800000
174.506081	198.497060	3.816667
175.956227	200.309721	3.833333
177.085742	201.722958	3.850000
178.054417	203.717224	3.866667
179.343717	206.122834	3.883333
180.793850	207.955056	3.900000
181.922828	210.169408	3.916667
183.051978	212.127137	3.933333
184.020107	214.936941	3.950000
185.469872	217.318648	3.966667
186.758967	220.029824	3.983333
188.048411	222.219004	4.000000
189.819495	223.975785	4.016667
190.627824	225.816362	4.033333
191.756590	228.346218	4.050000
193.206687	230.233293	4.066667
194.335444	232.776357	4.083333
195.464377	235.057940	4.100000
196.753614	237.557370	4.116667
198.203515	239.736638	4.133333
199.332254	242.307414	4.150000
200.621658	244.556782	4.166667
201.911240	246.540421	4.183333
202.879295	249.460826	4.200000
204.328992	251.944492	4.216667
205.297036	254.881395	4.233333
206.746539	257.654750	4.250000
208.196221	260.161578	4.266667
209.324921	262.790412	4.283333
210.614289	265.092720	4.300000
212.224631	267.286391	4.316667
213.354061	268.825574	4.333333
214.482930	271.201511	4.350000
215.933146	272.911750	4.366667
216.901520	275.355834	4.383333
218.191053	277.411689	4.400000
219.480209	280.032875	4.416667
220.609059	282.437706	4.433333
221.898393	284.791297	4.450000
223.187912	286.868895	4.466667
224.316561	289.573808	4.483333
225.445206	292.285978	4.500000
226.894821	294.891001	4.516667
228.183944	297.560522	4.533333
229.312574	300.294507	4.550000
230.762366	302.635533	4.566667
232.051859	304.753354	4.583333
233.502028	306.532033	4.600000
234.631219	308.428903	4.616667
235.760407	310.329649	4.633333
237.049500	313.042320	4.650000
238.017807	315.587391	4.666667
239.306891	318.313962	4.683333
240.917531	320.062781	4.700000
242.046313	322.568241	4.716667
243.496459	324.382923	4.733333
244.464941	326.664469	4.750000
245.754201	329.129175	4.766667
246.722285	332.007016	4.783333
248.172024	334.427364	4.800000
249.139704	337.907808	4.816667
250.749724	340.580106	4.833333
251.717590	343.783423	4.850000
253.488485	345.821277	4.866667
254.617425	348.091933	4.883333
255.906850	350.310539	4.900000
257.357159	351.881361	4.916667
258.165314	353.981187	4.933333
259.454329	356.810698	4.950000
260.583253	359.105317	4.966667
261.711570	362.305169	4.983333
263.321548	365.042146	5.000000
264.450460	367.354167	5.016667
265.900143	369.859334	5.033333
266.868560	372.238552	5.050000
268.318032	375.058391	5.066667
269.286239	377.752211	5.083333
270.575009	380.947280	5.100000
271.863979	383.845851	5.116667
273.474329	386.026692	5.133333
274.442723	388.439578	5.150000
276.053272	390.323582	5.166667
276.861173	392.802486	5.183333
277.829146	395.845160	5.200000
279.438859	398.976769	5.216667
280.728004	401.612020	5.233333
282.016938	404.563151	5.250000
283.466563	407.154434	5.266667
284.435137	409.299850	5.283333
285.724267	411.958733	5.300000
286.691999	415.361324	5.316667
288.141188	418.602641	5.333333
289.430304	421.282084	5.350000
290.558508	424.652593	5.366667
292.008103	427.288751	5.383333
293.136929	429.728740	5.400000
294.265117	433.121682	5.416667
295.714700	435.776658	5.433333
297.003790	438.494267	5.450000
298.132389	441.274472	5.466667
299.421471	444.004203	5.483333
300.710549	446.740002	5.500000
301.999624	449.481869	5.516667
303.128206	452.286284	5.533333
304.417272	455.040277	5.550000
305.545416	458.499856	5.566667
306.834041	461.911661	5.583333
308.444285	464.250520	5.600000
309.412358	467.143425	5.616667
310.540698	470.310017	5.633333
311.829303	473.752300	5.650000
312.957632	476.934157	5.666667
314.567202	480.280399	5.683333
316.017153	482.384626	5.700000
316.985419	484.988961	5.716667
318.113731	488.197455	5.733333
319.402526	491.356948	5.750000
320.691315	494.523771	5.766667
321.659345	497.480687	5.783333
322.786974	501.709254	5.800000
324.556988	505.061891	5.816667
325.685492	507.984306	5.833333
326.974479	510.856559	5.850000
327.942486	513.847298	5.866667
329.230794	517.733035	5.883333
330.680031	520.903625	5.900000
331.808063	524.529108	5.916667
333.096577	528.107128	5.933333
334.546024	530.964502	5.950000
335.835205	533.546976	5.966667
336.963895	536.190500	5.983333
338.252616	539.459321	6.000000
338.898928	543.637779	6.016667
340.347443	547.885897	6.033333
341.796407	551.464526	6.050000
343.406081	554.654582	6.066667
344.374258	557.392337	6.083333
345.823435	560.651815	6.100000
346.952092	563.344504	6.116667
348.080286	566.729320	6.133333
349.208013	570.810200	6.150000
350.335733	574.901254	6.166667
351.623471	579.638646	6.183333
353.393591	582.834406	6.200000
354.361967	585.275038	6.216667
355.810870	588.943284	6.233333
356.618286	592.146484	6.250000
358.066710	596.529392	6.266667
359.355344	599.929594	6.283333
360.483249	603.743680	6.300000
362.092847	607.047650	6.316667
363.060726	610.230092	6.333333
364.027892	614.476664	6.350000
365.315552	619.329141	6.366667
366.764403	623.076010	6.383333
368.213010	627.186785	6.400000
369.502077	629.940189	6.416667
370.469688	633.522524	6.433333
371.918517	637.302234	6.450000
373.046605	640.844223	6.466667
374.013721	645.166077	6.483333
375.622297	649.994364	6.500000
376.910855	653.506726	6.516667
378.360137	656.610181	6.533333
379.328195	659.525212	6.550000
380.295038	664.254608	6.566667
381.743820	668.103578	6.583333
382.871136	672.799392	6.600000
384.319661	677.031651	6.616667
385.608182	680.599482	6.633333
387.057430	683.753573	6.650000
388.506674	686.913804	6.666667
389.635431	689.457495	6.683333
390.442719	692.850429	6.700000
391.730478	697.555265	6.716667
392.857989	701.958384	6.733333
394.466955	706.205640	6.750000
395.594949	709.888411	6.766667
396.883176	713.894234	6.783333
398.011160	717.592361	6.800000
399.459863	721.559661	6.816667
400.105875	726.185282	6.833333
402.035526	730.753019	6.850000
403.003251	734.165080	6.866667
404.612669	737.737605	6.883333
405.580386	741.162440	6.900000
407.029307	744.804311	6.916667
407.996762	748.619105	6.933333
409.605907	752.598513	6.950000
410.573860	755.671572	6.966667
411.862021	759.776647	6.983333
413.310917	763.455486	7.000000
414.599577	766.816337	7.016667
415.567258	770.293459	7.033333
416.533913	775.303747	7.050000
417.821533	780.215756	7.066667
419.430119	785.029613	7.083333
420.879497	787.989127	7.100000
422.007383	791.833040	7.116667
423.135264	795.684308	7.133333
424.423627	799.487983	7.150000
425.711985	803.299046	7.166667
426.518358	808.057160	7.183333
427.966672	812.605855	7.200000
429.575726	816.720936	7.216667
431.025332	819.341228	7.233333
431.832465	822.964983	7.250000
433.281280	826.766192	7.266667
434.087880	831.185518	7.283333
435.535896	836.178851	7.300000
436.823417	841.238878	7.316667
438.111458	845.522935	7.333333
439.399757	849.421209	7.350000
440.688052	853.326881	7.366667
441.815590	857.690523	7.383333
443.264626	861.160418	7.400000
443.910161	866.498687	7.416667
445.840114	870.615342	7.433333
446.967628	875.014026	7.450000
448.417180	877.714709	7.466667
449.544684	882.128047	7.483333
450.672988	885.348285	7.500000
451.960700	890.123680	7.516667
453.088187	894.561838	7.533333
454.536912	898.496998	7.550000
455.665199	901.742027	7.566667
456.953428	905.745195	7.583333
457.759651	910.728372	7.600000
459.368299	915.449495	7.616667
460.656240	919.883642	7.633333
461.944447	923.919727	7.650000
463.393135	927.908833	7.666667
464.521666	930.789962	7.683333
465.649373	934.900653	7.700000
466.776801	939.428036	7.716667
468.064710	943.909854	7.733333
469.512824	948.756981	7.750000
470.800995	952.845593	7.766667
471.767914	957.462336	7.783333
473.055799	961.979315	7.800000
474.504164	966.450870	7.816667
475.792315	970.571109	7.833333
476.919974	974.752952	7.850000
478.047629	978.942176	7.866667
479.174720	983.971510	7.883333
480.622498	989.320084	7.900000
481.910622	993.480688	7.916667
483.198740	997.648713	7.933333
484.486854	1001.824160	7.950000
485.453991	1006.115131	7.966667
487.063067	1010.197322	7.983333
488.030193	1014.503066	8.000000
489.317439	1019.974103	8.016667
490.605527	1024.188618	8.033333
492.054095	1028.356604	8.050000
493.342741	1031.738001	8.066667
494.470328	1036.027410	8.083333
495.758682	1039.845081	8.100000
496.725203	1045.054347	8.116667
498.173461	1049.685533	8.133333
499.461514	1053.952024	8.150000
500.588789	1058.707820	8.166667
502.037317	1062.936013	8.183333
502.843321	1068.245733	8.200000
504.452037	1072.866567	8.216667
505.579577	1077.226592	8.233333
506.706823	1082.025606	8.250000
508.154745	1087.158367	8.266667
509.281689	1092.408850	8.283333
510.569111	1097.615954	8.300000
512.017595	1101.910376	8.316667
513.466366	1105.777013	8.333333
514.433966	1109.374862	8.350000
515.721951	1113.743249	8.366667
516.849152	1118.609768	8.383333
518.458097	1122.886589	8.400000
519.425095	1127.385032	8.416667
520.873545	1131.730320	8.433333
521.680341	1135.857268	8.450000
522.806629	1142.085808	8.466667
524.414957	1147.284705	8.483333
525.541821	1152.654281	8.500000
526.989946	1157.484396	8.516667
528.278174	1161.489580	8.533333
529.405317	1166.442692	8.550000
530.693237	1170.906313	8.566667
531.820369	1175.876308	8.583333
533.107681	1181.248184	8.600000
534.556071	1185.682845	8.616667
535.844270	1189.730538	8.633333
537.132766	1193.336156	8.650000
538.099986	1197.502062	8.666667
539.387270	1202.916241	8.683333
540.192788	1208.950715	8.700000
541.479150	1215.740245	8.716667
543.247565	1221.481358	8.733333
544.535729	1225.581985	8.750000
545.823585	1230.142292	8.766667
547.112044	1233.801806	8.783333
547.918434	1238.534849	8.800000
549.365846	1244.429546	8.816667
550.493196	1249.073313	8.833333
551.779802	1255.499556	8.850000
553.227804	1260.512740	8.866667
554.515930	1264.670717	8.883333
555.964229	1269.241061	8.900000
556.931683	1273.058152	8.916667
558.058694	1278.208231	8.933333
559.506978	1282.800319	8.950000
560.634287	1287.505592	8.966667
561.760971	1293.143161	8.983333
563.048134	1298.738249	9.000000
564.334978	1304.807787	9.016667
565.944031	1308.924446	9.033333
566.911451	1312.792996	9.050000
568.198901	1317.958812	9.066667
569.486971	1322.200171	9.083333
570.292641	1328.007607	9.100000
571.739932	1334.082882	9.116667
572.866559	1339.806400	9.133333
574.474319	1345.852275	9.150000
575.922847	1350.080529	9.166667
576.889600	1354.943768	9.183333
578.177319	1359.709338	9.200000
579.144062	1364.587405	9.216667
580.269700	1371.786621	9.233333
582.038221	1377.368755	9.250000
583.165431	1382.221320	9.266667
584.613287	1387.452038	9.283333
585.740806	1391.843975	9.300000
587.028167	1397.143394	9.316667
588.476967	1400.966717	9.333333
589.443987	1405.430167	9.350000
590.570527	1411.283671	9.366667
591.697381	1416.667920	9.383333
592.501971	1424.087099	9.400000
594.269139	1431.689853	9.416667
595.717586	1436.038320	9.433333
596.522796	1442.533242	9.450000
598.130747	1448.295452	9.466667
599.257560	1453.740014	9.483333
600.866147	1458.551893	9.500000
602.154085	1462.989727	9.516667
603.120398	1468.510779	9.533333
604.728970	1473.345254	9.550000
605.696251	1477.419887	9.566667
606.983845	1482.372106	9.583333
608.271433	1487.331818	9.600000
609.398531	1492.350988	9.616667
610.846594	1497.273721	9.633333
611.652713	1502.411681	9.650000
612.939293	1508.876638	9.666667
614.386349	1515.301749	9.683333
615.512759	1521.349097	9.700000
616.799646	1527.354975	9.716667
617.604741	1534.021712	9.733333
619.372403	1540.885732	9.750000
620.981236	1545.331520	9.766667
621.948126	1549.990499	9.783333
623.235314	1555.548032	9.800000
624.683648	1560.065523	9.816667
625.489706	1565.295116	9.833333
627.097511	1571.273835	9.850000
628.224862	1575.915731	9.866667
629.512358	1581.013492	9.883333
630.639701	1585.668396	9.900000
631.765692	1592.339979	9.916667
633.213319	1597.913465	9.933333
634.500793	1603.043228	9.950000
635.466956	1608.788270	9.966667
636.914565	1614.387778	9.983333
637.719892	1620.708259	10.000000
639.647923	1627.693666	10.016667
640.453915	1633.020415	10.033333
641.740334	1639.726575	10.050000
643.348736	1644.813543	10.066667
644.475681	1650.061999	10.083333
645.924274	1654.193930	10.100000
646.730241	1659.558551	10.116667
647.856486	1665.852188	10.133333
649.142177	1673.643942	10.150000
650.749859	1679.807184	10.166667
652.036910	1685.568624	10.183333
653.164506	1689.844426	10.200000
654.451547	1695.621486	10.216667
656.060588	1699.755797	10.233333
656.866859	1704.667582	10.250000
657.992706	1711.554367	10.266667
659.279377	1717.883473	10.283333
660.083892	1725.414919	10.300000
662.012135	1732.082942	10.316667
663.299831	1736.882443	10.333333
664.265855	1742.833342	10.350000
666.034644	1748.016244	10.366667
666.840874	1752.988917	10.383333
667.967015	1759.437135	10.400000
669.092797	1766.420336	10.416667
670.217868	1774.466613	10.433333
672.306889	1780.644659	10.450000
673.434413	1785.029490	10.466667
674.722770	1788.841219	10.483333
675.850641	1792.707695	10.500000
676.655417	1799.850998	10.516667
678.102120	1806.803675	10.533333
679.067718	1813.389877	10.550000
680.675245	1819.784106	10.566667
681.801670	1825.808608	10.583333
683.088216	1832.324122	10.600000
684.214629	1838.367137	10.616667
685.662003	1844.318089	10.633333
686.788045	1850.913818	10.650000
688.235765	1856.347792	10.666667
689.202030	1861.940549	10.683333
690.809864	1867.876216	10.700000
691.776118	1873.484625	10.716667
692.901768	1880.665393	10.733333
694.509584	1886.628734	10.750000
695.636666	1891.672123	10.766667
697.083987	1897.702256	10.783333
698.371906	1902.167973	10.800000
699.337403	1908.906355	10.816667
700.302893	1915.655083	10.833333
701.588614	1923.400939	10.850000
703.035175	1930.566064	10.866667
704.804155	1935.462482	10.883333
705.610231	1940.665694	10.900000
706.896654	1947.363994	10.916667
708.183804	1952.978405	10.933333
709.310098	1959.198171	10.950000
710.596869	1965.376872	10.966667
711.722783	1972.163788	10.983333
713.329772	1979.361580	11.000000
714.778115	1983.866919	11.016667
715.745004	1988.527000	11.033333
717.032487	1993.644321	11.050000
718.158371	2000.475583	11.066667
719.445102	2006.714014	11.083333
720.732199	2012.407269	11.100000
721.697581	2019.317210	11.116667
722.983922	2026.138103	11.133333
724.430740	2032.919795	11.150000
725.877924	2039.154797	11.166667
727.165739	2043.774927	11.183333
727.970980	2050.224145	11.200000
729.257664	2056.533437	11.216667
730.544342	2062.851693	11.233333
731.991873	2068.568760	11.250000
733.278539	2074.904241	11.266667
734.565953	2080.124689	11.283333
735.531642	2086.575538	11.300000
736.817537	2094.063309	11.316667
738.103801	2100.998871	11.333333
739.551299	2106.765496	11.350000
740.678204	2112.072806	11.366667
741.964830	2118.469546	11.383333
743.091346	2124.357533	11.400000
744.056233	2132.005509	11.416667
745.502561	2139.517808	11.433333
746.788780	2146.522003	11.450000
748.235856	2152.917299	11.466667
749.683691	2158.179891	11.483333
750.650074	2163.596192	11.500000
751.775785	2170.685933	11.516667
753.223223	2176.542115	11.533333
754.188054	2184.273944	11.550000
755.956061	2190.623728	11.566667
756.922418	2196.077323	11.583333
758.369834	2201.965940	11.600000
759.496279	2207.960059	11.616667
760.944458	2212.709853	11.633333
761.749155	2219.970890	11.650000
763.517515	2225.792162	11.666667
764.323363	2231.335126	11.683333
765.448230	2239.685527	11.700000
766.734737	2246.258749	11.716667
768.020069	2254.585394	11.733333
769.467436	2260.547798	11.750000
770.753533	2267.732474	11.766667
772.040797	2273.176462	11.783333
773.328057	2278.626756	11.800000
774.454438	2284.716865	11.816667
775.741296	2290.765926	11.833333
776.706399	2298.092342	11.850000
778.152549	2305.870776	11.866667
779.278513	2312.582371	11.883333
780.886313	2318.568836	11.900000
782.013056	2324.119052	11.916667
783.299882	2330.216998	11.933333
784.587098	2335.731979	11.950000
785.552553	2342.532413	11.966667
786.838967	2349.245053	11.983333
787.963701	2357.793423	12.000000
789.249306	2365.713600	12.016667
790.856663	2372.360383	12.033333
792.304729	2377.279119	12.050000
793.270546	2383.538939	12.066667
794.557723	2389.113570	12.083333
795.844495	2395.291476	12.100000
796.810297	2401.573224	12.116667
798.096658	2408.364640	12.133333
799.222531	2415.213126	12.150000
800.829041	2423.126286	12.166667
802.277474	2427.495870	12.183333
803.083171	2433.263590	12.200000
804.529986	2440.049138	12.216667
805.335271	2446.432964	12.233333
806.942152	2453.791138	12.250000
808.067985	2460.699549	12.266667
809.354293	2467.569074	12.283333
810.480114	2474.495426	12.300000
811.925674	2483.154018	12.316667
813.373665	2488.183983	12.333333
814.499875	2494.529696	12.350000
815.465190	2501.538967	12.366667
817.072427	2508.366461	12.383333
818.038547	2514.174190	12.400000
819.484882	2521.676418	12.416667
820.771956	2527.403331	12.433333
822.058206	2534.360078	12.450000
823.184789	2540.148415	12.466667
824.471029	2547.121714	12.483333
825.435887	2554.812904	12.500000
827.042665	2562.324744	12.516667
828.168816	2568.758557	12.533333
829.454617	2576.384832	12.550000
830.902134	2582.123587	12.566667
832.028682	2587.963395	12.583333
833.154399	2595.045690	12.600000
834.280109	2602.136955	12.616667
835.565464	2610.429310	12.633333
837.172606	2617.398376	12.650000
838.138648	2623.323023	12.666667
839.585297	2630.355954	12.683333
840.712228	2635.624837	12.700000
841.837486	2643.391034	12.716667
843.445436	2649.154898	12.733333
844.411037	2655.737833	12.750000
845.696757	2663.484620	12.766667
847.144630	2668.691295	12.783333
848.110216	2675.296931	12.800000
849.717722	2681.722332	12.816667
850.682877	2688.970973	12.833333
851.968988	2696.134776	12.850000
853.095456	2702.095901	12.866667
854.060171	2709.999923	12.883333
855.666383	2718.358069	12.900000
857.113797	2724.248898	12.916667
858.239821	2730.871727	12.933333
859.526745	2736.822629	12.950000
860.813241	2743.413300	12.966667
861.939675	2749.424172	12.983333
863.225735	2756.664184	13.000000
864.351309	2763.959839	13.016667
865.958746	2770.488558	13.033333
866.602437	2778.578116	13.050000
868.369917	2785.714730	13.066667
869.657230	2791.084872	13.083333
870.462240	2797.877352	13.100000
872.069651	2804.445194	13.116667
873.035133	2811.206373	13.133333
874.481193	2819.118062	13.150000
875.607144	2825.849400	13.166667
876.732230	2833.873332	13.183333
878.339182	2841.125654	13.200000
879.465548	2847.237927	13.216667
880.591046	2854.645680	13.233333
882.358894	2861.232347	13.250000
883.002938	2868.795948	13.266667
884.609861	2876.091631	13.283333
885.414374	2883.626955	13.300000
886.859501	2892.931951	13.316667
888.467709	2898.309976	13.333333
889.594035	2904.480883	13.350000
890.719922	2911.308354	13.366667
892.167202	2917.400604	13.383333
893.293079	2924.242659	13.400000
894.579869	2930.394207	13.416667
895.384337	2937.995434	13.433333
896.990327	2946.683819	13.450000
897.955702	2953.604154	13.466667
898.918877	2963.808353	13.483333
900.685323	2972.487055	13.500000
901.970760	2980.658176	13.516667
903.417992	2986.820920	13.533333
905.027023	2990.969799	13.550000
905.511806	2996.758537	13.566667
906.797222	3004.961679	13.583333
908.082630	3013.175429	13.600000
909.528954	3020.693243	13.616667
910.976602	3026.235247	13.633333
911.941918	3033.243249	13.650000
913.549595	3039.414188	13.666667
914.354865	3045.818655	13.683333
915.479312	3054.795358	13.700000
916.764231	3063.738914	13.716667
917.889108	3072.074042	13.733333
919.334492	3080.995973	13.750000
920.781656	3087.260016	13.766667
921.906960	3094.957136	13.783333
923.675524	3100.476113	13.800000
924.159793	3107.031000	13.816667
925.605144	3116.001561	13.833333
926.730875	3123.061740	13.850000
928.015731	3132.099396	13.866667
929.301030	3140.476772	13.883333
931.068664	3147.383302	13.900000
932.034795	3153.174823	13.916667
933.321431	3159.555935	13.933333
934.285745	3168.058481	13.950000
935.410533	3176.526651	13.966667
936.694887	3186.314184	13.983333
937.979685	3195.438008	14.000000
939.586344	3203.127555	14.016667
940.712467	3209.602194	14.033333
941.837676	3217.442695	14.050000
943.284294	3224.522381	14.066667
944.088530	3232.469542	14.083333
945.855183	3240.840035	14.100000
946.820345	3248.078636	14.116667
948.104629	3257.969751	14.133333
949.712615	3263.679779	14.150000
950.678219	3270.257787	14.166667
952.124798	3277.394201	14.183333
953.251333	3283.255003	14.200000
954.376484	3291.181012	14.216667
955.501168	3299.803594	14.233333
956.786325	3308.392437	14.250000
958.392434	3316.903373	14.266667
959.358004	3323.532469	14.283333
960.482198	3332.885664	14.300000
962.249230	3340.691539	14.316667
963.053841	3348.079509	14.333333
964.500366	3355.298538	14.350000
965.625926	3362.613496	14.366667
966.750551	3371.324356	14.383333
968.357073	3379.218796	14.400000
969.482616	3386.558792	14.416667
970.607688	3394.602744	14.433333
972.054647	3401.173864	14.450000
973.019228	3409.278407	14.466667
974.304294	3418.002691	14.483333
975.428405	3427.480769	14.500000
977.033946	3436.839757	14.516667
978.320868	3442.794085	14.533333
979.446367	3450.200145	14.550000
980.731400	3458.974534	14.566667
981.696409	3466.440921	14.583333
982.980013	3477.346377	14.600000
984.747877	3483.908940	14.616667
985.713814	3489.990729	14.633333
987.160239	3497.358466	14.650000
987.965215	3504.201541	14.666667
989.249730	3513.748888	14.683333
990.695664	3521.849096	14.700000
991.981588	3529.293216	14.716667
993.106552	3537.497758	14.733333
994.552468	3545.624728	14.750000
995.677897	3553.136644	14.766667
996.802843	3561.367719	14.783333
998.088262	3569.564642	14.800000
999.372720	3579.196841	14.816667
1000.819083	3586.656532	14.833333
1001.783526	3594.967871	14.850000
1003.229399	3603.158974	14.866667
1004.193350	3612.204470	14.883333
1005.799209	3621.088477	14.900000
1006.924105	3629.394568	14.916667
1008.210437	3636.230202	14.933333
1009.495319	3645.229104	14.950000
1010.782123	3651.359826	14.966667
1011.746518	3659.742221	14.983333
1013.191860	3668.726300	15.000000
1014.477199	3677.042008	15.016667
1015.923980	3683.879021	15.033333
1016.889320	3690.850662	15.050000
1018.013195	3700.681310	15.066667
1019.298511	3709.032068	15.083333
1020.583335	3718.117449	15.100000
1021.547196	3727.298645	15.116667
1023.152475	3737.047416	15.133333
1024.277286	3745.480230	15.150000
1025.883527	3753.794776	15.166667
1027.170270	3760.015574	15.183333
1028.295554	3767.743666	15.200000
1029.421321	3774.748905	15.216667
1030.223679	3785.501479	15.233333
1031.828418	3796.056549	15.250000
1033.274143	3804.468670	15.266667
1034.720845	3811.422509	15.283333
1035.846587	3818.467208	15.300000
1036.810861	3827.030421	15.316667
1038.095592	3836.254256	15.333333
1039.219838	3845.530864	15.350000
1040.343089	3856.293107	15.366667
1041.788276	3865.508594	15.383333
1043.233455	3874.734865	15.400000
1044.680610	3881.012514	15.416667
1045.485354	3888.203371	15.433333
1046.770038	3897.498078	15.450000
1047.893739	3907.587282	15.466667
1049.499862	3916.077851	15.483333
1050.785022	3924.661214	15.500000
1052.070675	3932.509551	15.516667
1053.356822	3939.620820	15.533333
1054.482486	3946.780186	15.550000
1055.446169	3956.225900	15.566667
1056.730801	3965.599039	15.583333
1058.175902	3974.941367	15.600000
1059.300543	3983.628898	15.616667
1060.746133	3992.242621	15.633333
1061.870762	4000.948439	15.650000
1063.156365	4008.871241	15.666667
1064.602943	4016.009087	15.683333
1065.406096	4025.574862	15.700000
1067.012134	4034.191829	15.716667
1068.137237	4042.188284	15.733333
1069.261325	4051.701009	15.750000
1070.867344	4060.345749	15.766667
1071.992431	4068.367427	15.783333
1072.956022	4077.950926	15.800000
1074.240560	4087.462875	15.816667
1075.525091	4096.985556	15.833333
1076.809106	4107.277971	15.850000
1078.094641	4115.303373	15.866667
1079.218164	4125.658899	15.883333
1080.663144	4135.183613	15.900000
1082.109137	4143.194902	15.916667
1083.074716	4149.811060	15.933333
1084.519677	4159.363278	15.950000
1085.483711	4168.284292	15.966667
1087.089648	4177.051604	15.983333
1088.215686	4183.653550	16.000000
1089.339668	4193.325300	16.016667
1090.946615	4200.585030	16.033333
1091.911649	4208.013586	16.050000
1093.196604	4216.903817	16.066667
1094.320560	4226.612751	16.083333
1095.444510	4236.332351	16.100000
1096.567419	4247.604030	16.116667
1098.333778	4256.413599	16.133333
1099.619216	4264.581325	16.150000
1101.227157	4270.357859	16.166667
1101.711239	4277.193854	16.183333
1102.834113	4288.517869	16.200000
1104.439447	4298.185374	16.216667
1105.724859	4306.392627	16.233333
1107.170743	4314.567550	16.250000
1107.974194	4323.687701	16.266667
1109.580023	4332.616644	16.283333
1111.026412	4340.037910	16.300000
1111.991367	4347.585649	16.316667
1113.115226	4357.439160	16.333333
1114.561078	4365.662316	16.350000
1115.524971	4374.794199	16.366667
1116.809287	4384.637568	16.383333
1117.933120	4394.531482	16.400000
1119.698851	4404.277116	16.416667
1120.663769	4411.878995	16.433333
1121.787582	4421.802681	16.450000
1123.555399	4428.435250	16.466667
1124.520303	4436.057636	16.483333
1125.644625	4445.220810	16.500000
1126.767886	4455.968854	16.516667
1128.051614	4466.689765	16.533333
1129.657874	4474.975550	16.550000
1130.783228	4482.597381	16.566667
1131.586036	4492.676801	16.583333
1133.674239	4500.077243	16.600000
1134.319212	4506.254119	16.616667
1135.442956	4516.280509	16.633333
1136.726637	4527.072013	16.650000
1138.010309	4537.875961	16.666667
1139.616525	4546.228097	16.683333
1140.419287	4556.375690	16.700000
1142.024957	4565.541673	16.716667
1143.310203	4573.997611	16.733333
1144.434968	4582.500354	16.750000
1145.880679	4590.932908	16.766667
1146.844957	4599.490123	16.783333
1148.129646	4608.777447	16.800000
1149.413792	4618.875036	16.816667
1150.537454	4629.022218	16.833333
1152.303551	4638.222409	16.850000
1153.269415	4644.412786	16.866667
1154.393598	4653.783521	16.883333
1155.999742	4662.242860	16.900000
1156.642485	4671.747180	16.916667
1158.408013	4681.796376	16.933333
1159.372777	4689.628942	16.950000
1160.657947	4698.198206	16.966667
1162.103046	4707.544917	16.983333
1163.067253	4716.207420	17.000000
1164.189762	4728.077666	17.016667
1165.796403	4735.794443	17.033333
1166.920525	4745.254945	17.050000
1168.205662	4753.874512	17.066667
1169.329228	4764.165223	17.083333
1170.773194	4775.203688	17.100000
1172.059948	4781.407966	17.116667
1173.023020	4791.765879	17.133333
1174.627986	4801.982087	17.150000
1176.074657	4808.982241	17.166667
1176.879423	4816.139879	17.183333
1178.324992	4824.785349	17.200000
1178.967082	4835.264730	17.216667
1180.732493	4845.489256	17.233333
1181.695519	4855.914150	17.250000
1183.138865	4867.877565	17.266667
1184.745429	4875.710049	17.283333
1185.388585	4884.597652	17.300000
1186.992935	4895.735008	17.316667
1188.439559	4902.804575	17.333333
1189.081596	4913.364283	17.350000
1190.686476	4923.708992	17.366667
1191.811030	4932.525661	17.383333
1193.415343	4943.717199	17.400000
1194.541548	4950.069882	17.416667
1195.505057	4959.775224	17.433333
1197.271490	4968.474138	17.450000
1198.075623	4976.576024	17.466667
1200.168554	4976.919640	17.483333
1199.860470	4968.704549	17.500000
1198.757215	4949.923005	17.516667
1198.298606	4926.895407	17.533333
1197.039244	4901.632223	17.550000
1195.459444	4875.682023	17.566667
1195.002927	4849.530278	17.583333
1193.585709	4820.397350	17.600000

1192.166797	4793.790850	17.616667
1190.909952	4764.772785	17.633333
1189.490403	4739.118106	17.650000
1188.231287	4713.488272	17.666667
1186.972670	4687.113905	17.683333
1185.551373	4664.067775	17.700000
1184.773561	4638.507135	17.716667
1182.871838	4614.082506	17.733333
1182.254955	4587.806570	17.750000
1180.354219	4561.908900	17.766667
1179.253151	4539.863852	17.783333
1178.153116	4516.278083	17.800000
1176.249600	4494.529350	17.816667
1175.468326	4474.136216	17.833333
1174.045647	4453.152718	17.850000
1172.782887	4432.962764	17.866667
1172.163584	4410.297440	17.883333
1170.423014	4384.824253	17.900000
1169.482685	4362.348458	17.916667
1167.900938	4339.303210	17.933333
1166.317066	4319.429118	17.950000
1165.374552	4300.214257	17.966667
1164.112098	4279.566350	17.983333
1163.011129	4257.375012	18.000000
1161.750682	4233.731207	18.016667
1160.328171	4212.498034	18.033333
1159.387058	4191.191844	18.050000
1157.805032	4168.562054	18.066667
1156.541873	4148.967541	18.083333
1155.440186	4127.846611	18.100000
1154.017002	4107.617515	18.116667
1152.913214	4089.633072	18.133333
1151.652484	4066.413014	18.150000
1150.067716	4047.875981	18.166667
1149.286828	4026.905459	18.183333
1147.703521	4006.189024	18.200000
1146.760579	3987.612260	18.216667
1145.338693	3965.445298	18.233333
1143.593307	3947.160471	18.250000
1142.649782	3929.454244	18.266667
1141.224800	3911.908283	18.283333
1140.442703	3892.742380	18.300000
1139.020160	3871.556780	18.316667
1137.757067	3851.863025	18.333333
1136.814900	3832.130276	18.350000
1135.713214	3811.008881	18.366667
1133.969087	3790.843394	18.383333
1133.027811	3769.781459	18.400000
1131.443606	3750.404904	18.416667
1130.179347	3732.450622	18.433333
1128.916040	3713.076168	18.450000
1127.651241	3695.929906	18.466667
1126.708347	3677.281396	18.483333
1125.446411	3655.861241	18.500000
1124.022991	3635.984502	18.516667
1122.598089	3618.319588	18.533333
1121.333157	3601.370228	18.550000
1120.390603	3582.215816	18.566667
1118.805623	3563.994674	18.583333
1117.862531	3545.643007	18.600000
1116.599409	3525.992366	18.616667
1115.174823	3507.856487	18.633333
1114.071166	3489.675701	18.650000
1112.646998	3470.914708	18.666667
1111.381385	3454.983104	18.683333
1110.438598	3436.174776	18.700000
1109.014345	3417.541882	18.716667
1107.588179	3401.763159	18.733333
1106.324349	3383.169883	18.750000
1104.897667	3368.161721	18.766667
1103.792858	3351.699739	18.783333
1102.688026	3335.273151	18.800000
1101.585033	3316.102142	18.816667
1099.999640	3298.497865	18.833333
1098.733788	3282.922372	18.850000
1097.789336	3266.600620	18.866667
1096.525285	3248.336179	18.883333
1095.421685	3230.072135	18.900000
1093.996635	3212.627180	18.916667
1092.409703	3197.320637	18.933333
1091.466040	3179.820638	18.950000
1090.200933	3163.132279	18.966667
1089.097192	3145.078683	18.983333
1087.833848	3125.759062	19.000000
1086.408631	3108.563875	19.016667
1084.982030	3093.434169	19.033333
1083.715888	3078.292200	19.050000
1082.450174	3062.510983	19.066667
1081.023057	3048.151242	19.083333
1080.560146	3031.543116	19.100000
1079.136117	3012.574918	19.116667
1077.872088	2994.278549	19.133333
1076.285732	2978.112869	19.150000
1075.341271	2961.803959	19.166667
1073.754863	2945.715383	19.183333
1072.649428	2930.188159	19.200000
1071.383930	2914.083872	19.216667
1070.117967	2898.674526	19.233333
1068.852418	2882.645536	19.250000
1067.425926	2867.354372	19.266667
1066.319934	2852.659077	19.283333
1065.054311	2836.740735	19.300000
1063.466832	2822.251327	19.316667
1062.681734	2807.564199	19.333333
1061.255125	2792.447470	19.350000
1060.470415	2777.181364	19.366667
1059.205533	2760.158832	19.383333
1057.459177	2743.320066	19.400000
1056.513481	2728.855024	19.416667
1054.926267	2713.969330	19.433333
1053.660418	2698.388804	19.450000
1052.874709	2684.614601	19.466667
1051.287849	2669.199390	19.483333
1050.021502	2654.362344	19.500000
1048.755132	2639.560679	19.516667
1047.488315	2625.424561	19.533333
1046.381537	2611.902906	19.550000
1045.116359	2595.320967	19.566667
1043.849474	2581.286543	19.583333
1042.422087	2567.331715	19.600000
1041.154741	2553.985459	19.616667
1040.208755	2539.952857	19.633333
1038.943031	2524.186314	19.650000
1037.676864	2509.079782	19.666667
1036.249777	2494.676092	19.683333
1035.144042	2479.597297	19.700000
1033.716907	2465.265865	19.716667
1032.609479	2452.713345	19.733333
1031.343190	2437.789272	19.750000
1030.237767	2422.245939	19.766667
1028.650054	2408.103742	19.783333
1027.542951	2395.067773	19.800000
1026.275751	2381.503571	19.816667
1025.008934	2367.367585	19.833333
1023.902980	2352.616216	19.850000
1022.475230	2339.201555	19.866667
1021.368021	2326.323307	19.883333
1020.101112	2312.325601	19.900000
1018.673696	2298.411370	19.916667
1017.566424	2285.627486	19.933333
1016.460724	2270.495997	19.950000
1015.354600	2255.998372	19.966667
1014.087968	2241.587286	19.983333
1012.500740	2226.721751	20.000000
1011.233661	2212.976897	20.016667
1009.644415	2201.124798	20.033333
1008.536597	2189.154145	20.050000
1007.267888	2177.843516	20.066667
1006.321689	2164.127863	20.083333
1005.053723	2151.707894	20.100000
1003.946997	2138.108373	20.116667
1002.358411	2125.269374	20.133333
1001.411735	2112.267277	20.150000
999.823106	2099.493316	20.166667
998.715903	2086.604866	20.183333
997.286945	2074.993406	20.200000
996.340184	2062.117748	20.216667
995.232919	2049.323470	20.233333
994.287639	2034.236105	20.250000
992.700398	2019.390205	20.266667
991.272473	2006.236870	20.283333
989.843769	1994.247746	20.300000
988.575149	1982.802120	20.316667
987.628231	1970.160741	20.333333
986.360325	1957.650658	20.350000
984.931540	1945.781653	20.366667
983.984184	1933.793422	20.383333
982.235138	1920.970389	20.400000
980.965659	1910.808771	20.416667
980.018244	1898.907915	20.433333
978.750214	1886.583706	20.450000
977.643014	1873.690898	20.466667
976.215193	1860.383549	20.483333
975.268061	1848.060556	20.500000
973.518857	1835.473300	20.516667
972.410467	1824.357041	20.533333
971.463272	1812.129403	20.550000
969.874121	1800.134726	20.566667
968.766399	1788.021822	20.583333
967.176480	1777.171880	20.600000
966.067634	1766.736832	20.616667
964.959492	1755.251245	20.633333
963.369519	1744.482610	20.650000
962.421105	1734.074175	20.666667
961.473390	1722.622716	20.683333
959.884432	1710.338469	20.700000
958.936676	1698.948671	20.716667
957.668641	1686.630680	20.733333
956.240099	1674.398551	20.750000
954.972017	1662.150894	20.766667
953.702856	1651.513829	20.783333
952.273193	1640.954608	20.800000
951.325665	1629.224464	20.816667
950.057146	1617.628325	20.833333
948.949091	1606.013478	20.850000
947.198729	1595.153459	20.866667
946.089591	1585.153353	20.883333
944.981129	1574.145643	20.900000
943.711817	1563.733233	20.916667
942.442832	1552.834405	20.933333
941.012999	1542.528452	20.950000
940.064601	1532.095638	20.966667
938.795900	1520.773315	20.983333
937.205527	1510.602251	21.000000
936.417218	1500.708076	21.016667
934.827826	1489.072971	21.033333
933.879335	1478.779513	21.050000
932.610867	1467.107285	21.066667
930.859579	1457.630864	21.083333
930.071517	1447.368902	21.100000
928.641832	1436.841365	21.116667
927.532764	1426.737675	21.133333
926.424343	1415.668017	21.150000
925.155416	1404.682328	21.166667
924.047282	1393.183452	21.183333
922.618485	1381.331335	21.200000
921.028192	1371.041075	21.216667
919.757865	1362.144828	21.233333
918.487850	1352.782311	21.250000
917.699926	1342.313866	21.266667
916.270368	1331.597510	21.283333
915.000950	1321.345553	21.300000
913.731511	1311.123094	21.316667
912.301245	1301.464056	21.333333
911.030802	1292.740706	21.350000
909.761307	1282.601466	21.366667
908.490192	1274.881994	21.383333
907.541632	1264.690299	21.400000
906.111279	1255.160834	21.416667
905.162681	1245.026574	21.433333
904.054529	1233.555501	21.450000
902.142663	1224.270773	21.466667
901.192743	1216.108648	21.483333
900.083583	1206.141910	21.500000
898.492634	1196.830421	21.516667
897.865204	1186.296589	21.533333
895.953247	1177.146982	21.550000
895.164669	1167.654955	21.566667
893.734751	1157.475692	21.583333
892.304194	1148.251127	21.600000
891.354767	1139.354800	21.616667
889.924174	1130.182728	21.633333
888.493257	1121.495170	21.650000
887.544086	1112.216608	21.666667
885.952345	1104.087299	21.683333
884.842350	1095.366836	21.700000
883.571853	1086.723814	21.716667
882.783099	1077.494091	21.733333
881.353591	1066.703214	21.750000
879.923156	1057.296184	21.766667
878.652588	1048.760251	21.783333
877.221517	1040.302009	21.800000
875.950319	1032.705148	21.816667
875.161160	1024.079755	21.833333
873.730339	1015.249444	21.850000
872.620767	1005.897641	21.866667
871.190204	996.682182	21.883333
869.758739	988.812809	21.900000
868.487451	981.349776	21.916667
867.376929	973.416153	21.933333
866.106490	964.687044	21.950000
865.157004	955.877395	21.966667
863.565557	947.309255	21.983333
862.454682	939.902132	22.000000
861.023976	930.899637	22.016667
859.752586	923.590114	22.033333
858.803015	914.907825	22.050000
857.371683	906.840789	22.066667
856.422077	898.210652	22.083333
854.990995	889.769014	22.100000
853.880584	881.669499	22.116667
852.610519	872.382339	22.133333
851.179382	864.022426	22.150000
849.908433	856.054659	22.166667
848.797954	848.057084	22.183333
847.205720	840.663260	22.200000
846.255416	833.074785	22.216667
844.663431	825.310258	22.233333
843.552334	818.234582	22.250000
842.602539	809.886882	22.266667
841.010505	802.194220	22.283333
840.060401	794.308602	22.300000
838.629095	786.201539	22.316667
837.197225	778.936328	22.333333
836.407558	771.068954	22.350000
834.333441	764.471930	22.366667
833.863904	757.754149	22.383333
832.432787	749.365375	22.400000
831.161060	742.558418	22.416667
830.050611	734.514495	22.433333
828.137177	727.569188	22.450000
827.346333	721.458700	22.466667
826.235571	713.883349	22.483333
824.803554	706.837762	22.500000
823.692760	699.309690	22.516667
822.260449	692.703002	22.533333
821.149098	686.006472	22.550000
819.878034	678.209541	22.566667
818.606429	671.219998	22.583333
817.495296	664.197483	22.600000
816.063436	656.918580	22.616667
814.952014	650.327915	22.633333
813.841095	642.985220	22.650000
812.409187	635.776730	22.666667
811.137236	629.304370	22.683333
809.704785	622.906756	22.700000
808.753781	616.363605	22.716667
807.803528	608.699543	22.733333
806.371797	601.227513	22.750000
804.939794	594.159821	22.766667
803.346784	587.924568	22.783333
802.395206	582.239162	22.800000
801.123396	575.556212	22.816667
799.690834	569.323754	22.833333
798.739969	562.572835	22.850000
797.628851	555.527995	22.866667
796.035761	549.413172	22.883333
795.085099	542.358947	22.900000
793.652714	535.862670	22.916667
792.219823	530.121335	22.933333
791.108384	523.555675	22.950000
789.675224	518.215973	22.966667
788.884489	511.942884	22.983333
787.291548	505.604788	23.000000
786.179570	499.844251	23.016667
785.068063	493.380915	23.033333
783.314592	487.161923	23.050000
782.363063	481.402385	23.066667
781.090309	476.128591	23.083333
779.657295	470.570082	23.100000
778.545244	464.917700	23.116667
777.432945	459.636742	23.133333
776.160621	453.721172	23.150000
775.049006	447.417653	23.166667
773.616168	441.598224	23.183333
772.504291	435.686769	23.200000
771.071426	429.906643	23.216667
769.959289	424.381849	23.233333
768.526167	418.986377	23.250000
767.253288	413.898007	23.266667
766.301836	408.024258	23.283333
764.868908	402.338008	23.300000
763.596225	396.957709	23.316667
762.484246	391.197598	23.333333
761.372255	385.457050	23.350000
760.099990	379.453082	23.366667
758.506282	374.259088	23.383333
757.233086	369.644541	23.400000
756.281307	364.259031	23.416667
754.687565	359.115649	23.433333
753.575051	354.155351	23.450000
752.302038	349.266753	23.466667
751.189503	344.337436	23.483333
749.916692	339.148645	23.500000
748.483160	334.363830	23.516667
747.209885	329.867564	23.533333
746.097308	325.000235	23.550000
744.824234	320.204725	23.566667
743.711417	315.694840	23.583333
742.438541	310.603854	23.600000
741.325923	305.798451	23.616667
740.053023	300.741398	23.633333
738.780328	295.379365	23.650000
737.346701	290.736217	23.666667
736.234040	285.995631	23.683333
734.479202	281.816140	23.700000
733.687069	277.629978	23.716667
732.413678	273.307340	23.733333
731.140489	268.681393	23.750000
730.027778	264.014356	23.766667
728.594081	259.475989	23.783333
727.481139	255.153979	23.800000
726.208120	250.275915	23.816667
724.934671	246.039579	23.833333
723.661212	241.816876	23.850000
722.387745	237.607805	23.866667
721.435451	232.989458	23.883333
720.001890	228.248295	23.900000
718.407417	224.196308	23.916667
717.294194	220.294333	23.933333
716.180962	216.404212	23.950000
714.907439	212.277783	23.966667
713.473215	208.525877	23.983333
712.359960	204.672197	24.000000
710.925922	200.641699	24.016667
709.651960	197.171021	24.033333
708.538680	193.352935	24.050000
707.264905	189.603608	24.066667
705.990921	186.165255	24.083333
704.877818	182.083641	24.100000
703.604018	178.369928	24.116667
702.490500	174.907694	24.133333
701.216883	170.921131	24.150000
700.264234	166.834154	24.166667
698.830111	162.931802	24.183333
697.395782	159.336142	24.200000
695.961250	156.044652	24.216667
694.847687	152.649293	24.233333
693.413141	149.378333	24.250000
692.139076	146.060547	24.266667
690.864810	143.042220	24.283333
689.429858	140.378323	24.300000
688.315876	137.607531	24.316667
687.362763	134.212517	24.333333
686.249155	130.884862	24.350000
685.296219	127.224674	24.366667
683.701132	124.089817	24.383333
682.587693	120.509666	24.400000
681.313568	117.281678	24.416667
679.878948	114.121177	24.433333
678.765298	110.856419	24.450000
677.491152	107.659145	24.466667
676.377300	104.694867	24.483333
675.103329	101.238002	24.500000
673.668488	98.407231	24.516667
672.554804	95.192787	24.533333
670.798788	92.771976	24.550000
669.523862	90.739483	24.566667
668.730768	87.987965	24.583333
667.295715	85.473244	24.600000
666.181634	82.851118	24.616667
665.067548	80.236321	24.633333
663.632663	77.470467	24.650000
662.358079	74.928435	24.666667
660.922819	72.723087	24.683333
659.969202	70.080208	24.700000
658.533933	67.887651	24.716667
657.740614	65.471320	24.733333
656.466187	62.694642	24.750000
655.031265	59.984186	24.766667
653.756467	57.760910	24.783333
652.160688	55.658755	24.800000
650.885524	53.981443	24.816667
649.771024	51.984083	24.833333
648.496211	49.783359	24.850000
647.381705	47.796399	24.866667
646.106706	45.871927	24.883333
644.992370	43.630668	24.900000
643.556700	42.037809	24.916667
642.442356	39.807496	24.933333
640.846191	38.281059	24.950000
640.213131	36.150858	24.966667
638.777799	34.052173	24.983333
637.502603	32.423722	25.000000
636.227578	30.538757	25.016667
634.952550	28.658731	25.033333
633.838007	26.725986	25.050000
632.402310	25.172303	25.066667
631.287588	23.507203	25.083333
630.012375	21.903685	25.100000
628.576670	20.361773	25.116667
627.301279	19.023036	25.133333
626.025886	17.687310	25.150000
624.910980	16.296883	25.166667
624.117221	14.538334	25.183333
622.520844	13.327487	25.200000
621.566420	11.888743	25.216667
620.291017	10.568462	25.233333
618.855124	9.308938	25.250000
617.740035	8.190500	25.266667
616.624945	7.074274	25.283333
615.188877	6.075792	25.300000
614.234272	4.906231	25.316667
612.958858	3.602301	25.333333
612.004082	2.689274	25.350000
610.728496	1.641903	25.366667
609.452740	0.847852	25.383333
608.176816	0.306211	25.400000
607.061379	-0.292224	25.416667
605.945773	-0.639233	25.433333
604.990824	-1.293719	25.450000
603.875385	-1.889398	25.466667
602.759779	-2.234320	25.483333
601.323362	-2.712599	25.500000
600.368410	-3.363336	25.516667
599.413457	-4.013080	25.533333
598.298015	-4.603998	25.550000
597.182573	-5.193916	25.566667
596.227618	-5.840674	25.583333
595.112174	-6.428596	25.600000
594.157385	-7.321177	25.616667
592.720962	-7.791151	25.633333
591.766005	-8.433682	25.650000
590.490235	-9.206519	25.666667
589.214464	-9.977801	25.683333
588.099015	-10.558985	25.700000
586.823242	-11.327465	25.716667
585.707793	-11.906402	25.733333
584.271529	-12.614197	25.750000
582.674776	-13.262537	25.766667
581.077858	-13.664288	25.783333
579.320450	-14.007119	25.800000
577.563041	-14.348919	25.816667
575.644979	-14.387451	25.833333
574.208547	-14.843250	25.850000
571.969507	-14.764575	25.866667
566.681017	-13.341156	25.883333
541.970282	-0.272008	25.900000
554.815215	-2.699146	25.916667
562.846799	-5.348314	25.933333
564.459162	-6.172528	25.950000
564.145825	-6.547226	25.966667
563.190697	-6.935134	25.983333
559.988563	-6.267085	26.000000
553.736814	-4.009118	26.016667
550.694676	-2.664243	26.033333
554.232576	-3.693040	26.050000
557.610479	-5.398638	26.066667
556.334373	-5.669713	26.083333
555.700385	-6.416269	26.100000
548.646520	-4.357150	26.116667
544.962427	-2.781046	26.133333
547.537395	-3.463184	26.150000
544.656073	-2.665236	26.166667
546.910391	-3.720186	26.183333
545.955261	-4.105218	26.200000
541.790029	-2.843598	26.216667
542.921089	-3.736831	26.233333
538.595368	-2.417023	26.250000
539.244635	-2.648675	26.266667
538.289341	-2.788650	26.283333
536.049974	-2.221462	26.300000
537.662499	-3.287715	26.316667
533.497430	-2.268650	26.333333
531.578877	-1.573608	26.350000
532.228307	-2.048596	26.366667
531.112523	-2.129571	26.383333
531.762116	-2.847459	26.400000
529.201933	-2.406586	26.416667
527.123216	-2.139201	26.433333
525.204826	-1.686785	26.450000
522.323503	-0.886697	26.466667
523.293910	-1.476890	26.483333
522.659591	-1.730187	26.500000
521.543807	-1.809423	26.516667
522.353887	-2.583654	26.533333
517.386209	-1.029728	26.550000
518.035801	-1.745630	26.566667
514.673173	-1.012733	26.583333
513.717714	-0.906914	26.600000
513.725188	-1.148696	26.616667
512.448913	-1.168505	26.633333
512.456549	-1.651640	26.650000
511.661740	-1.844785	26.666667
507.978295	-1.235737	26.683333
508.146258	-1.534850	26.700000
505.585911	-0.848653	26.716667
504.630613	-0.982898	26.733333
503.354337	-1.000964	26.750000
501.596272	-0.363403	26.766667
502.085373	-1.018764	26.783333
501.130236	-1.392752	26.800000
499.212004	-1.178030	26.816667
498.738172	-1.484744	26.833333
495.215052	-0.689766	26.850000
494.901548	-0.813903	26.866667
493.625271	-0.830094	26.883333
492.669971	-0.961970	26.900000
491.875000	-0.911857	26.916667
489.154323	-0.405575	26.933333
489.643422	-1.058605	26.950000
488.527634	-1.131585	26.966667
485.806957	-0.624458	26.983333
485.975078	-1.160786	27.000000
483.254400	-0.653091	27.016667
482.138451	-0.486114	27.033333
481.985594	-0.905832	27.050000
479.264756	-0.158726	27.066667
480.877276	-1.215992	27.083333
477.835620	-0.591169	27.100000
477.201296	-0.836011	27.116667
475.443710	-0.912797	27.133333
473.204338	-0.338906	27.150000
472.730502	-0.640967	27.166667
472.096178	-0.884775	27.183333
469.696476	-0.490245	27.200000
469.704106	-0.965571	27.216667
466.983268	-0.216961	27.233333
466.991057	-0.929284	27.250000
464.912332	-0.649667	27.266667
463.796381	-0.480744	27.283333
463.001567	-0.664848	27.300000
461.564797	-0.616615	27.316667
459.486071	-0.336022	27.333333
460.135655	-1.041560	27.350000
456.772861	-0.059662	27.366667
457.422603	-1.001270	27.383333
454.541275	-0.193128	27.400000
454.869881	-0.781749	27.416667
453.112132	-0.615712	27.433333
451.193894	-0.391363	27.450000
450.399078	-0.572991	27.466667
449.764750	-0.812405	27.483333
447.044068	-0.297037	27.500000
447.372673	-0.884182	27.516667
444.651990	-0.368250	27.533333
444.178151	-0.664671	27.550000
442.099423	-0.380361	27.566667
441.625425	-0.441272	27.583333
440.349299	-0.681671	27.600000
439.233346	-0.510112	27.616667
438.438685	-0.923901	27.633333
436.841423	-0.812398	27.650000
434.281071	-0.117894	27.666667
434.288696	-0.586569	27.683333
432.691434	-0.474381	27.700000
431.896615	-0.652244	27.716667
430.138863	-0.481453	27.733333
429.023066	-0.542660	27.750000
428.388736	-0.777817	27.766667
426.951961	-0.722361	27.783333
423.910298	-0.085894	27.800000
424.880699	-0.667712	27.816667
422.962613	-0.670538	27.833333
421.846815	-0.730171	27.850000
420.410040	-0.673379	27.866667
418.331308	-0.383983	27.883333
418.017798	-0.500560	27.900000
416.902000	-0.559266	27.916667
414.983757	-0.327268	27.933333
414.670402	-0.675895	27.950000
413.073137	-0.559540	27.966667
411.796849	-0.559102	27.983333
409.878761	-0.557948	28.000000
407.960361	-0.092647	28.016667
407.646851	-0.208254	28.033333
406.691540	-0.323079	28.050000
406.699317	-1.017766	28.066667
404.941716	-1.072754	28.083333
402.542005	-0.663589	28.100000
401.426050	-0.487952	28.116667
398.865849	-0.020239	28.133333
398.712827	-0.193057	28.150000
398.720448	-0.654739	28.166667
397.444312	-0.881887	28.183333
395.204934	-0.298809	28.200000
394.410110	-0.469148	28.216667
392.331375	-0.174262	28.233333
391.376062	-0.285956	28.250000
390.260260	-0.339267	28.266667
389.946903	-0.682954	28.283333
388.349787	-0.791120	28.300000
385.949920	-0.148853	28.316667
385.315738	-0.605011	28.333333
383.718314	-0.253108	28.350000
382.923489	-0.421117	28.366667
381.647197	-0.414458	28.383333
380.370904	-0.407535	28.400000
379.576078	-0.574774	28.416667
377.015875	-0.102177	28.433333
376.541873	-0.156492	28.450000
375.907536	-0.381223	28.466667
373.828951	-0.310806	28.483333
373.194613	-0.534901	28.500000
372.399939	-0.928729	28.516667
370.160559	-0.342637	28.533333
368.563287	-0.217022	28.550000
367.286993	-0.207454	28.566667
366.010546	0.030068	28.583333
366.820760	-0.943635	28.600000
364.260554	-0.467984	28.616667
363.947345	-1.033631	28.633333
361.387139	-0.557288	28.650000
359.308247	-0.028157	28.666667
358.192288	0.152033	28.683333
358.039415	-0.243618	28.700000
356.602631	-0.173634	28.716667
356.931376	-0.969903	28.733333
353.729213	-0.259311	28.750000
353.736980	-0.938297	28.766667
350.695154	-0.059039	28.783333
350.702768	-0.511251	28.800000
349.426472	-0.497739	28.816667
347.668859	-0.535165	28.833333
345.910944	-0.120783	28.850000
345.116113	-0.281044	28.866667
344.481772	-0.499246	28.883333
344.489536	-1.175259	28.900000
340.805754	-0.061943	28.916667
341.294985	-0.911791	28.933333
338.253308	-0.255834	28.950000
337.297837	-0.131451	28.966667
336.823983	-0.406319	28.983333
335.708173	-0.448115	29.000000
334.110897	-0.315027	29.016667
333.797681	-0.871629	29.033333
330.595365	0.068386	29.050000
330.602977	-0.379847	29.066667
328.524232	-0.071044	29.083333
328.210866	-0.402351	29.100000
327.255694	-0.724197	29.116667
325.337288	-0.249145	29.133333
325.184560	-0.861336	29.150000
322.945326	-0.492828	29.166667
320.545603	-0.065808	29.183333
319.911108	-0.055988	29.200000
318.474318	0.022078	29.216667
318.642418	-0.481906	29.233333
317.366265	-0.684223	29.250000
314.966541	-0.255833	29.266667
315.295129	-0.817202	29.283333
312.092959	-0.097067	29.300000
311.940080	-0.483218	29.316667
309.540355	-0.053721	29.333333
308.424393	0.132013	29.350000
308.111024	-0.195261	29.366667
306.834870	-0.394474	29.383333
306.681989	-0.779385	29.400000
305.405835	-0.977659	29.416667
301.561708	-0.022096	29.433333
302.050783	-0.639150	29.450000
299.329930	0.130177	29.466667
298.856071	-0.136952	29.483333
297.740256	-0.170789	29.500000
296.624441	-0.204368	29.516667
296.953174	-0.982573	29.533333
294.874572	-0.886234	29.550000
291.832740	0.000630	29.566667
292.482303	-0.672757	29.583333
289.119641	0.110903	29.600000
289.929545	-0.400398	29.616667
288.171920	-0.418810	29.633333
285.772191	0.016041	29.650000
286.421753	-0.656143	29.666667
283.861535	-0.162469	29.683333
283.387674	-0.426192	29.700000
282.753470	-0.850461	29.716667
279.551296	-0.122675	29.733333
279.237923	-0.443802	29.750000
276.196237	0.226270	29.766667
276.203402	0.444959	29.783333
277.495212	-0.895799	29.800000
275.095628	-0.676555	29.816667
274.621911	-1.156299	29.833333
271.259392	-0.586061	29.850000
268.698880	0.346776	29.866667
268.706483	-0.088940	29.883333
266.467095	0.509560	29.900000
268.239932	-0.349503	29.916667
267.605871	-0.986515	29.933333
265.206284	-0.763898	29.950000
264.732565	-1.240450	29.966667
260.728088	-0.433483	29.983333
258.649043	0.324641	30.000000
258.335522	0.224440	30.016667
257.701168	0.024224	30.033333
258.511360	-0.917181	30.050000
256.753583	-0.708527	30.066667
254.995950	-0.715833	30.083333
254.201251	-1.072530	30.100000
249.715305	-0.087039	30.116667
249.883105	-0.145372	30.133333
247.643860	0.239771	30.150000
248.132639	0.064769	30.166667
248.942974	-1.089239	30.183333
245.580304	-0.294939	30.200000
245.588049	-0.940674	30.216667
242.867479	-0.594031	30.233333
240.467600	0.066208	30.250000
240.956667	-0.538507	30.266667
238.075464	0.082321	30.283333
237.761941	-0.015600	30.300000
237.769684	-0.659102	30.316667
234.888480	-0.037444	30.333333
235.377690	-0.855092	30.350000
232.175508	-0.116030	30.366667
231.701639	-0.368781	30.383333
231.388402	-0.893356	30.400000
228.507198	-0.270040	30.416667
228.193817	-0.580281	30.433333
226.596525	-0.423341	30.450000
224.678111	0.063809	30.466667
225.006829	-0.692365	30.483333
221.965134	-0.009284	30.500000
222.614688	-0.668514	30.516667
220.696558	-0.606162	30.533333
218.778144	-0.118225	30.550000
218.304416	-0.580492	30.566667
216.386143	-0.304548	30.583333
214.788707	0.067059	30.600000
215.438401	-0.802776	30.616667
211.273281	0.291383	30.633333
213.206746	-0.832916	30.650000
210.004560	-0.088521	30.666667
210.172644	-0.570064	30.683333
207.933534	-0.386825	30.700000
205.694282	0.008184	30.716667
205.862366	-0.472501	30.733333
204.104581	-0.252155	30.750000
202.828404	-0.417550	30.766667
202.996487	-0.897392	30.783333
199.633811	-0.092073	30.800000
199.801894	-0.571417	30.816667
197.883759	-0.501464	30.833333
195.804854	0.047684	30.850000
195.812447	-0.372512	30.866667
193.733683	-0.033085	30.883333
193.580927	-0.604139	30.900000
192.946704	-0.999404	30.916667
189.744515	-0.249977	30.933333
188.949662	-0.376591	30.950000
186.870896	-0.035559	30.966667
186.717859	-0.186279	30.983333
186.244123	-0.638077	31.000000
184.004868	-0.237820	31.016667
184.012459	-0.655320	31.033333
181.933832	-0.521493	31.050000
179.855065	-0.178727	31.066667
179.381189	-0.420054	31.083333
177.302561	-0.284852	31.100000
176.668056	-0.259133	31.116667
176.194318	-0.707574	31.133333
173.794572	-0.246454	31.150000
174.604607	-0.953976	31.166667
171.241926	-0.141634	31.183333
170.768187	-0.588390	31.200000
168.849908	-0.301406	31.216667
167.252467	0.076001	31.233333
166.939217	-0.428083	31.250000
165.341915	-0.257213	31.266667
165.189015	-0.612205	31.283333
164.394296	-0.939635	31.300000
161.352730	-0.448021	31.316667
160.557872	-0.568169	31.333333
157.997634	-0.044929	31.350000
157.523617	-0.075541	31.366667
157.049737	-0.311985	31.383333
156.094528	-0.578485	31.400000
154.497224	-0.405001	31.416667
153.702503	-0.729038	31.433333
150.821286	-0.087082	31.450000
151.470967	-0.936489	31.466667
148.429123	-0.030395	31.483333
148.757687	-0.557251	31.500000
146.197448	-0.031160	31.516667
144.760632	0.085814	31.533333
144.768218	-0.323338	31.550000
143.652516	-0.527198	31.566667
141.894858	-0.496527	31.583333
141.742091	-1.050228	31.600000
138.700383	-0.346628	31.616667
138.386989	-0.637204	31.633333
135.666395	-0.253606	31.650000
134.710772	0.097399	31.666667
134.718493	-0.512937	31.683333
132.800207	-0.217476	31.700000
132.647302	-0.565316	31.716667
131.531598	-0.764831	31.733333
128.329535	-0.203139	31.750000
128.176493	-0.347339	31.766667
125.776740	0.125121	31.783333
125.302855	-0.104323	31.800000
124.989595	-0.594329	31.816667
123.231798	-0.355013	31.833333
122.437070	-0.668538	31.850000
121.642342	-0.981514	31.866667
118.279651	-0.155899	31.883333
117.645277	-0.324953	31.900000
116.208456	-0.201114	31.916667
116.055549	-0.545261	31.933333
115.100330	-0.797637	31.950000
112.861063	-0.380231	31.966667
111.905709	-0.430839	31.983333
109.827065	-0.272121	32.000000
108.229620	0.112641	32.016667
108.076711	-0.229898	32.033333
106.640023	-0.304186	32.050000
106.647603	-0.704667	32.066667
105.050426	-0.719474	32.083333
103.613737	-0.792259	32.100000
101.213979	-0.313500	32.116667
99.135065	0.248025	32.133333
98.500688	0.083118	32.150000
98.668756	-0.374322	32.166667
97.392555	-0.503748	32.183333
97.560756	-1.159655	32.200000
95.000641	-0.819473	32.216667
92.600881	-0.338571	32.233333
90.522100	0.025480	32.250000
89.245631	0.295459	32.266667
89.413698	-0.160036	32.283333
88.939941	-0.579278	32.300000
87.663738	-0.705115	32.316667
85.906066	-0.654661	32.333333
83.827284	-0.288768	32.350000
83.192904	-0.449809	32.366667
81.916567	-0.376283	32.383333
79.356448	-0.031178	32.400000
79.203403	-0.169872	32.416667
77.927066	-0.095570	32.433333
77.453306	-0.510919	32.450000
76.177100	-0.632781	32.466667
74.098316	-0.264508	32.483333
74.106023	-0.854165	32.500000
72.027370	-0.681547	32.516667
69.467117	-0.136426	32.533333
68.351267	-0.118415	32.550000
67.074797	0.154386	32.566667
67.563839	-0.413231	32.583333
67.090076	-0.824707	32.600000
65.492889	-0.825400	32.616667
63.574723	-0.708305	32.633333
60.693622	-0.238962	32.650000
59.417151	0.034845	32.666667
59.103745	-0.237918	32.683333
57.666915	-0.100136	32.700000
57.995466	-0.606876	32.716667
56.558767	-0.663133	32.733333
55.122196	-0.913128	32.750000
53.043539	-0.733575	32.766667
50.964621	-0.165509	32.783333
49.688279	-0.084423	32.800000
48.732915	-0.120335	32.816667
47.135464	0.272206	32.833333
47.945611	-0.601824	32.850000
46.508909	-0.654483	32.866667
45.072206	-0.706576	32.883333
43.475014	-0.699464	32.900000
40.593778	-0.029822	32.916667
40.440859	-0.356795	32.933333
38.522558	-0.038459	32.950000
38.048660	-0.247654	32.966667
37.574891	-0.648962	32.983333
35.496229	-0.463242	33.000000
35.182820	-0.730107	33.016667
32.783179	-0.426124	33.033333
31.025366	-0.164484	33.050000
31.032935	-0.547794	33.066667
29.435611	-0.344295	33.083333
27.998904	-0.390513	33.100000
26.883176	-0.553489	33.116667
24.322788	0.194035	33.133333
24.490845	-0.246594	33.150000
23.214626	-0.349774	33.166667
22.740853	-0.745737	33.183333
22.106591	-1.082491	33.200000
18.744011	-0.421256	33.216667
17.307047	-0.083358	33.233333
16.672784	-0.418792	33.250000
14.593863	0.154086	33.266667
14.601429	-0.225575	33.283333
13.325208	-0.325180	33.300000
13.172411	-0.835008	33.316667
11.414848	-0.946657	33.333333
8.533607	-0.268509	33.350000
8.380683	-0.587793	33.366667
6.302014	-0.391324	33.383333
4.865049	-0.051807	33.400000
4.712250	-0.558886	33.416667
1.991497	0.062059	33.433333
2.801507	-0.608061	33.450000
0.081006	-0.362731	33.466667
