Thu Nov 07 14:36:18 2013

Number of Points = 2023
Depth (nm)	Load (µN)	Time (s)
-6.291480	-0.151133	0.000000
-8.372394	0.044970	0.016667
-8.688432	0.351237	0.033333
-6.757495	-0.353036	0.050000
-7.875853	0.057790	0.066667
-7.068340	-0.235657	0.083333
-7.063147	-0.424551	0.100000
-7.539675	-0.059589	0.116667
-6.732162	-0.353036	0.133333
-8.171499	0.175169	0.150000
-8.166685	0.553121	0.166667
-6.877705	0.083618	0.183333
-7.193617	0.200994	0.200000
-5.904636	-0.268509	0.216667
-6.381037	-0.092446	0.233333
-6.215355	-0.340148	0.250000
-6.370904	-0.092446	0.266667
-7.649752	0.377058	0.283333
-6.842365	0.272688	0.300000
-6.355831	0.096626	0.316667
-6.190275	0.037939	0.333333
-5.222273	-0.314183	0.350000
-6.019653	-0.020748	0.366667
-5.693608	-0.138122	0.383333
-6.009520	-0.020748	0.400000
-6.486048	0.344443	0.416667
-5.999513	0.168384	0.433333
-5.673468	0.051011	0.450000
-5.668528	0.240202	0.466667
-5.021505	0.005460	0.483333
-6.300352	0.474945	0.500000
-4.851009	0.136027	0.516667
-5.808878	0.488137	0.533333
-5.001365	0.194712	0.550000
-4.835809	0.136027	0.566667
-5.151721	0.253397	0.583333
-4.825803	0.325339	0.600000
-4.820736	0.325339	0.616667
-5.297138	0.501391	0.633333
-4.168773	0.279975	0.650000
-4.805664	0.514708	0.666667
-3.998151	0.221291	0.683333
-4.313936	0.149286	0.700000
-4.308996	0.338658	0.716667
-4.303930	0.338658	0.733333
-4.780331	0.514708	0.750000
-4.614902	0.645454	0.766667
-4.128368	0.469406	0.783333
-4.123428	0.658895	0.800000
-3.476404	0.424167	0.816667
-3.471465	0.613718	0.833333
-3.466271	0.424167	0.850000
-3.942672	0.600213	0.866667
-4.258711	0.907123	0.883333
-3.611688	0.672399	0.900000
-3.606748	0.862007	0.916667
-3.601682	0.862007	0.933333
-2.954658	0.627285	0.950000
-3.270570	0.744646	0.966667
-2.784036	0.568605	0.983333
-2.778969	0.568605	1.000000
-3.255497	0.934313	1.016667
-2.768963	0.758274	1.033333
-3.245364	0.934313	1.050000
-2.758957	0.948002	1.066667
-2.593401	0.889324	1.083333
-2.427845	0.830645	1.100000
-2.101927	0.903076	1.116667
-2.257350	0.961754	1.133333
-2.091794	0.903076	1.150000
-2.247217	0.961754	1.166667
-2.402767	1.210278	1.183333
-2.076722	1.092924	1.200000
-2.071655	1.092924	1.216667
-1.745737	1.165476	1.233333
-1.259203	0.989446	1.250000
-1.575115	1.106799	1.266667
-1.570048	1.106799	1.283333
-1.885960	1.224153	1.300000
-2.041510	1.472793	1.316667
-1.554976	1.296766	1.333333
-1.710526	1.545465	1.350000
-1.063502	1.310765	1.366667
-0.737457	1.193414	1.383333
-0.892880	1.252089	1.400000
-0.727451	1.383501	1.416667
-1.364342	1.618199	1.433333
-1.519892	1.867014	1.450000
-1.033358	1.690993	1.466667
-0.867929	1.822521	1.483333
-0.220906	1.587830	1.500000
-0.055350	1.529157	1.516667
0.110206	1.470484	1.533333
-0.366195	1.646503	1.550000
-0.521745	1.895438	1.566667
-0.356189	1.836765	1.583333
-0.511740	2.085758	1.600000

-0.025205	1.909743	1.616667
0.300840	1.792401	1.633333
0.305906	1.792401	1.650000
0.310845	1.982783	1.666667
0.315912	1.982783	1.683333
0.000000	2.100124	1.700000
0.646768	2.246384	1.716667
0.811813	2.950301	1.733333
2.100282	3.244514	1.750000
2.746665	3.965614	1.766667
3.553408	4.821167	1.783333
5.001978	5.636295	1.800000
5.808589	6.688950	1.816667
7.096537	7.761515	1.833333
8.705460	8.720640	1.850000
10.314511	9.489749	1.866667
11.763200	10.126219	1.883333
12.890780	11.076682	1.900000
13.857868	12.088687	1.916667
15.145932	12.986399	1.933333
16.433864	14.082929	1.950000
17.882413	14.928343	1.966667
19.491450	15.718119	1.983333
20.779639	16.430907	2.000000
22.228315	17.087286	2.016667
23.195522	17.921575	2.033333
24.483573	18.839064	2.050000
25.450778	19.678024	2.066667
26.738692	20.799990	2.083333
28.187360	21.468314	2.100000
29.314915	22.455706	2.116667
31.084424	23.211857	2.133333
32.372733	23.745424	2.150000
33.500551	24.339048	2.166667
34.467744	25.193869	2.183333
35.755780	26.135358	2.200000
37.043813	27.079792	2.216667
38.171355	28.085687	2.233333
39.619874	28.977499	2.250000
41.229152	29.407371	2.266667
42.356825	30.217749	2.283333
43.323871	31.292665	2.300000
44.612030	32.049237	2.316667
45.900188	32.807984	2.333333
47.027718	33.832392	2.350000
48.155108	35.065213	2.366667
49.443122	36.037440	2.383333
50.891624	36.954155	2.400000
52.500890	37.401986	2.416667
53.789038	38.175226	2.433333
55.077324	38.743325	2.450000
56.044630	39.429836	2.466667
57.011656	40.533737	2.483333
58.299659	41.523698	2.500000
59.587660	42.516609	2.516667
61.036148	43.454049	2.533333
62.484774	44.184820	2.550000
63.612421	45.034603	2.566667
64.739925	46.096899	2.583333
66.028058	46.892976	2.600000
67.155559	47.960743	2.616667
68.443405	49.184648	2.633333
69.571044	50.046714	2.650000
71.019516	51.006553	2.666667
72.147152	51.873326	2.683333
73.595621	52.838665	2.700000
74.883742	53.651784	2.716667
76.171862	54.467085	2.733333
77.138859	55.615529	2.750000
78.587321	56.591868	2.766667
79.714803	57.687852	2.783333
81.002772	58.728445	2.800000
82.130249	59.830320	2.816667
83.257580	61.151530	2.833333
84.545543	62.201391	2.850000
85.833358	63.471490	2.866667
86.960682	64.803734	2.883333
88.408981	66.023221	2.900000
89.696935	67.086153	2.916667
90.824251	68.429441	2.933333
91.951417	69.996211	2.950000
93.078728	71.347637	2.966667
94.366377	72.865292	2.983333
95.332749	74.946849	3.000000
96.780731	76.638914	3.016667
98.068220	78.395207	3.033333
99.355706	80.157478	3.050000
100.482848	81.760278	3.066667
101.609686	83.816372	3.083333
102.897009	85.821471	3.100000
104.184478	87.608237	3.116667
105.632432	89.342806	3.133333
106.759404	91.199715	3.150000
108.207502	92.718996	3.166667
109.173977	94.645415	3.183333
110.621916	96.403351	3.200000
111.748872	98.283559	3.216667
113.036159	100.341242	3.233333
114.323596	102.175868	3.250000
115.450386	104.305461	3.266667
117.058637	106.267974	3.283333
118.025394	107.773752	3.300000
119.312659	109.864966	3.316667
120.760564	111.672040	3.333333
121.887488	113.601243	3.350000
123.174896	115.478365	3.366667
124.301812	117.419519	3.383333
125.749701	119.250580	3.400000
126.876609	121.203697	3.416667
128.164001	123.104774	3.433333
129.451389	125.011842	3.450000
130.899422	126.628932	3.466667
131.865985	128.424873	3.483333
133.153202	130.587826	3.500000
134.440574	132.518267	3.516667
135.727943	134.454703	3.533333
137.015308	136.397134	3.550000
138.463319	138.046154	3.566667
139.590349	139.815928	3.583333
140.877703	141.775164	3.600000
142.165540	143.011198	3.616667
143.292398	145.038561	3.633333
144.579904	146.769872	3.650000
145.706919	148.563946	3.666667
146.994418	150.304995	3.683333
148.442238	152.238780	3.700000
149.569407	153.801715	3.716667
150.535589	156.166756	3.733333
151.983232	158.365471	3.750000
153.110225	160.190855	3.766667
154.557692	162.651534	3.783333
156.326800	164.007707	3.800000
157.293628	165.407123	3.816667
158.581265	166.944008	3.833333
159.708242	168.793209	3.850000
160.835216	170.647272	3.866667
162.283164	172.390649	3.883333
163.089154	174.369981	3.900000
164.697414	176.318212	3.916667
166.145522	177.823404	3.933333
167.112161	179.505699	3.950000
168.239116	181.388437	3.966667
169.526556	183.218317	3.983333
170.974481	184.995368	4.000000
171.940937	186.950428	4.016667
173.067707	189.109170	4.033333
174.675766	191.358038	4.050000
175.642385	193.071566	4.066667
176.929631	195.190047	4.083333
178.377536	196.998042	4.100000
179.183309	199.300898	4.116667
180.791696	201.061565	4.133333
181.918613	203.000033	4.150000
183.366504	204.828135	4.166667
184.654079	206.457233	4.183333
185.781162	208.147807	4.200000
186.907891	210.367236	4.216667
188.195281	212.271962	4.233333
189.482668	214.181576	4.250000
190.930363	216.302708	4.266667
191.896943	218.073026	4.283333
192.862987	220.642958	4.300000
194.310492	223.047521	4.316667
195.597504	225.516890	4.333333
196.884689	227.726253	4.350000
198.332360	229.884140	4.366667
199.298560	232.220530	4.383333
200.746223	234.390471	4.400000
201.873084	236.411798	4.416667
203.320558	238.863395	4.433333
204.607901	240.838115	4.450000
205.574082	243.203913	4.466667
207.021724	245.403420	4.483333
208.148386	247.723801	4.500000
209.435532	249.992784	4.516667
210.722674	252.267794	4.533333
211.688651	254.937931	4.550000
213.136088	257.443189	4.566667
214.262729	259.794817	4.583333
215.709972	262.590293	4.600000
216.836604	264.955143	4.616667
217.963231	267.326002	4.633333
219.410645	269.866383	4.650000
220.376589	272.585963	4.666667
221.823619	275.699973	4.683333
223.271205	277.983321	4.700000
224.237322	280.444514	4.716667
225.845200	282.964090	4.733333
227.132474	285.041422	4.750000
228.259068	287.463421	4.766667
229.385657	289.891432	4.783333
230.672541	292.552028	4.800000
231.798931	295.277103	4.816667
232.925316	298.009438	4.833333
234.372482	300.920491	4.850000
235.820026	303.267263	4.866667
237.107269	305.390254	4.883333
238.234021	307.575291	4.900000
239.521259	309.708088	4.916667
240.487323	312.248621	4.933333
241.773971	315.259492	4.950000
243.060809	317.989002	4.966667
244.347446	321.016474	4.983333
245.794762	323.704156	5.000000
247.081779	326.164227	5.016667
248.368989	328.337825	5.033333
249.335023	330.923448	5.050000
250.460951	334.339338	5.066667
252.068928	336.710737	5.083333
253.195436	339.259203	5.100000
254.642917	341.699732	5.116667
255.930104	343.907095	5.133333
256.896312	346.233292	5.150000
258.343781	348.690794	5.166667
259.149095	351.680039	5.183333
260.435668	354.804382	5.200000
261.722235	357.937391	5.216667
262.847906	361.736267	5.233333
264.616126	364.416498	5.250000
265.421413	367.445292	5.266667
266.868444	370.556113	5.283333
268.154982	373.732468	5.300000
269.441921	376.310291	5.316667
270.567961	379.559373	5.333333
271.854482	382.760305	5.350000
273.141407	385.358664	5.366667
274.427918	388.575518	5.383333
275.714629	391.494085	5.400000
277.001540	394.112401	5.416667
278.288448	396.736776	5.433333
279.414864	399.423928	5.450000
280.701764	402.060408	5.466667
281.506572	405.803022	5.483333
282.792421	410.007514	5.500000
284.399864	413.176851	5.516667
285.525837	416.524858	5.533333
286.812292	419.824890	5.550000
288.259439	422.763188	5.566667
289.224907	426.193089	5.583333
290.672044	429.146688	5.600000
291.797989	432.536601	5.616667
293.244904	435.822057	5.633333
294.692663	437.847562	5.650000
295.497830	441.055989	5.666667
297.105430	443.989055	5.683333
298.231990	446.461104	5.700000
299.518821	449.201030	5.716667
300.645159	452.003508	5.733333
301.770849	455.774345	5.750000
303.217938	458.799277	5.766667
304.183343	462.323076	5.783333
305.629990	466.009214	5.800000
306.916575	469.114537	5.816667
308.042451	472.607921	5.833333
309.650001	475.615781	5.850000
310.776084	478.800115	5.866667
311.741674	482.048098	5.883333
313.349210	485.078010	5.900000
314.636205	487.572762	5.916667
315.922976	490.400558	5.933333
317.049476	492.962029	5.950000
318.175752	495.857654	5.966667
319.301582	499.419172	5.983333
320.587894	502.933105	6.000000
322.195397	506.011880	6.016667
323.322099	508.270967	6.033333
324.287644	511.587370	6.050000
325.573712	515.465046	6.066667
326.699509	519.075097	6.083333
327.985340	523.307150	6.100000
329.592812	526.432054	6.116667
330.558329	529.788899	6.133333
332.005078	533.321464	6.150000
333.131073	536.637461	6.166667
334.578037	539.848585	6.183333
335.864736	542.784380	6.200000
336.990944	545.782325	6.216667
338.277635	548.730279	6.233333
339.403378	552.421550	6.250000
340.689831	555.724144	6.266667
342.137225	558.294253	6.283333
343.102465	562.064757	6.300000
344.388674	565.731962	6.316667
345.514620	569.119879	6.333333
346.961306	572.747844	6.350000
348.087473	575.805799	6.366667
349.373428	579.851712	6.383333
350.338634	583.672861	6.400000
351.945318	587.974174	6.416667
353.392441	590.950077	6.433333
354.357863	594.448453	6.450000
355.804976	597.437159	6.466667
356.930877	600.893687	6.483333
358.377982	603.895212	6.500000
359.664360	607.309967	6.516667
360.790953	609.732122	6.533333
362.077323	613.159597	6.550000
363.203437	616.297070	6.566667
364.329073	620.148080	6.583333
365.615190	623.952069	6.600000
366.901302	627.764789	6.616667
368.508859	630.763103	6.633333
369.313976	634.045938	6.650000
370.760559	637.826316	6.666667
371.725914	641.424555	6.683333
373.011759	645.635864	6.700000
374.458324	649.442479	6.716667
375.583910	653.369041	6.733333
377.030705	656.832472	6.750000
378.477980	659.580772	6.766667
379.443547	662.862476	6.783333
380.729599	666.764084	6.800000
382.016132	669.948082	6.816667
383.141930	673.557431	6.833333
384.427966	677.483093	6.850000
385.714240	681.052319	6.866667
386.839533	685.416091	6.883333
388.286529	688.579370	6.900000
389.412302	692.226776	6.916667
391.019530	695.715319	6.933333
391.824813	698.751343	6.950000
392.950076	703.157655	6.966667
394.235821	707.518821	6.983333
395.682293	711.464221	7.000000
396.968522	715.102383	7.016667
398.254994	718.375982	7.033333
399.541213	722.028233	7.050000
400.827428	725.687860	7.066667
401.953150	729.410116	7.083333
403.400092	732.654729	7.100000
404.526307	735.640886	7.116667
405.812503	739.328027	7.133333
406.938459	742.701429	7.150000
407.742932	746.945149	7.166667
409.188587	752.110290	7.183333
410.474000	756.965447	7.200000
411.920401	761.018350	7.216667
413.367050	764.699915	7.233333
414.653208	768.443976	7.250000
415.939616	771.814028	7.266667
416.905046	775.300307	7.283333
418.030447	779.502854	7.300000
419.316071	784.042539	7.316667
420.601689	788.592483	7.333333
422.048044	792.712730	7.350000
423.495169	795.685026	7.366667
424.460571	799.213246	7.383333
425.586197	803.079324	7.400000
426.872564	806.510462	7.416667
427.836914	811.609802	7.433333
429.282716	816.556318	7.450000
430.407798	821.234630	7.466667
432.175342	824.922793	7.483333
433.461946	828.000778	7.500000
434.266824	831.639748	7.516667
435.873869	835.403042	7.533333
436.678475	839.447660	7.550000
438.284982	844.013081	7.566667
439.732053	847.066135	7.583333
440.536380	851.527719	7.600000
441.982647	855.779165	7.616667
442.947449	860.203472	7.633333
444.554192	864.417830	7.650000
445.679735	868.407170	7.666667
446.804739	873.200864	7.683333
448.250977	877.496283	7.700000
449.376504	881.509734	7.716667
450.662245	885.876604	7.733333
451.947710	890.653658	7.750000
453.072952	895.093346	7.766667
454.519430	899.029918	7.783333
455.966174	902.570488	7.800000
456.931184	906.684719	7.816667
458.217161	910.697363	7.833333
459.342648	914.771859	7.850000
460.628071	919.611522	7.866667
461.913760	924.054555	7.883333
463.199990	927.691279	7.900000
464.485942	931.742273	7.916667
465.611402	935.855031	7.933333
466.896796	940.739891	7.950000
468.182732	944.814425	7.966667
469.147140	949.826900	7.983333
470.431961	955.564768	8.000000
472.038852	959.556973	8.016667
473.164003	964.132641	8.033333
474.610397	968.194646	8.050000
475.736092	971.957896	8.066667
477.182199	976.449370	8.083333
477.986633	980.750338	8.100000
479.271963	985.729528	8.116667
480.878818	989.775886	8.133333
482.004490	993.574020	8.150000
483.129876	997.796901	8.166667
484.576231	1001.919034	8.183333
485.380354	1006.684821	8.200000
486.986620	1011.609943	8.216667
487.951217	1016.339913	8.233333
489.717956	1021.230967	8.250000
490.843310	1025.502241	8.266667
491.968660	1029.780904	8.283333
493.254206	1034.437355	8.300000
494.540316	1038.252581	8.316667
495.504879	1043.032992	8.333333
496.950609	1048.086952	8.350000
498.075932	1052.404609	8.366667
499.200677	1057.585333	8.383333
500.967647	1062.132454	8.400000
501.932468	1066.528136	8.416667
503.378742	1070.769866	8.433333
504.504328	1074.695994	8.450000
505.790106	1079.005699	8.466667
507.075590	1083.754740	8.483333
508.040387	1088.187367	8.500000
509.486055	1093.332951	8.516667
510.772103	1097.240363	8.533333
511.896788	1102.511580	8.550000
513.182535	1106.868515	8.566667
514.307206	1112.158756	8.583333
515.913914	1116.424730	8.600000
516.878673	1120.912436	8.616667
518.163812	1126.176920	8.633333
519.288753	1131.066191	8.650000
520.734953	1135.417554	8.666667
522.020368	1140.270247	8.683333
523.466854	1144.196178	8.700000
524.432174	1147.847046	8.716667
525.717573	1152.722597	8.733333
526.842481	1157.660375	8.750000
528.288354	1162.500192	8.766667
529.574332	1166.513474	8.783333
530.378251	1171.582916	8.800000
531.984295	1176.840286	8.816667
533.109174	1181.821382	8.833333
534.394532	1186.758000	8.850000
535.679885	1191.703455	8.866667
536.804746	1196.710974	8.883333
538.411359	1201.118263	8.900000
539.537415	1204.342802	8.916667
540.501473	1209.876953	8.933333
542.107467	1215.208763	8.950000
542.911329	1220.364465	8.966667
544.356823	1225.769354	8.983333
545.963101	1230.677876	9.000000
547.088524	1234.845885	9.016667
548.374429	1238.967001	9.033333
549.339054	1243.655852	9.050000
550.463548	1249.211554	9.066667
551.748214	1255.181691	9.083333
553.354149	1260.599945	9.100000
554.801129	1263.788774	9.116667
555.765727	1268.517371	9.133333
557.051599	1272.687844	9.150000
558.176981	1276.917395	9.166667
559.301433	1282.536023	9.183333
560.586363	1288.112126	9.200000
561.550005	1294.266861	9.216667
562.833679	1301.718741	9.233333
564.760838	1306.654305	9.250000
565.565217	1311.037867	9.266667
567.171394	1316.095313	9.283333
568.296735	1320.386948	9.300000
569.260648	1326.138578	9.316667
570.706009	1331.742527	9.333333
571.991506	1336.472222	9.350000
573.437798	1340.687556	9.366667
574.723600	1344.961722	9.383333
575.688113	1349.817671	9.400000
577.134076	1354.523359	9.416667
577.777609	1359.499216	9.433333
579.383097	1365.584950	9.450000
580.668242	1370.840914	9.466667
581.792578	1376.632310	9.483333
583.398998	1381.327005	9.500000
584.202670	1386.766835	9.516667
585.648276	1392.005831	9.533333
586.772586	1397.835480	9.550000
588.057374	1403.623114	9.566667
589.502961	1408.890239	9.583333
590.788700	1413.260172	9.600000
591.913306	1418.648214	9.616667
593.520327	1422.446800	9.633333
594.163790	1427.526008	9.650000
595.609350	1432.833212	9.666667
596.732964	1439.701562	9.683333
598.017702	1445.564362	9.700000
599.302109	1451.921846	9.716667
600.747967	1456.783981	9.733333
602.033011	1462.191433	9.750000
603.318374	1467.121349	9.766667
604.283088	1471.675840	9.783333
605.567134	1478.571115	9.800000
606.530857	1484.606683	9.816667
608.296668	1490.882167	9.833333
609.582659	1494.874597	9.850000
610.546362	1500.938877	9.866667
611.991842	1506.366140	9.883333
613.277491	1510.869740	9.900000
614.241506	1516.468977	9.916667
615.686638	1522.415151	9.933333
616.811456	1527.486576	9.950000
618.256575	1533.452025	9.966667
619.381715	1538.043961	9.983333
620.666337	1544.079647	10.000000
621.951951	1548.634069	10.016667
622.914925	1555.787549	10.033333
624.199192	1562.352453	10.050000
625.644271	1568.378057	10.066667
626.768374	1574.517351	10.083333
628.374595	1579.509880	10.100000
629.499357	1584.664719	10.116667
630.623778	1590.329493	10.133333
632.069836	1594.893726	10.150000
633.193908	1601.078668	10.166667
634.479810	1605.204246	10.183333
635.765032	1610.345004	10.200000
637.050249	1615.493272	10.216667
638.174637	1621.206939	10.233333
639.299019	1626.929461	10.250000
640.744023	1633.066085	10.266667
641.868734	1638.298385	10.283333
642.992415	1645.066444	10.300000
644.437741	1650.723307	10.316667
645.561408	1657.513720	10.333333
646.845551	1664.264892	10.350000
648.290857	1669.951466	10.366667
649.576360	1674.671526	10.383333
650.701031	1679.962903	10.400000
652.146665	1685.159464	10.416667
653.271326	1690.465834	10.433333
654.556466	1695.728578	10.450000
655.681463	1700.533347	10.466667
656.966594	1705.810442	10.483333
658.090888	1711.663998	10.500000
659.696629	1717.373398	10.516667
660.500291	1722.827372	10.533333
662.105671	1729.074037	10.550000
663.069458	1735.014096	10.566667
664.354206	1740.861160	10.583333
665.638599	1747.239465	10.600000
667.083819	1753.054240	10.616667
668.208767	1757.932157	10.633333
669.493492	1763.814179	10.650000
670.779267	1768.129968	10.666667
671.742661	1774.654907	10.683333
673.026664	1781.615261	10.700000
674.632686	1786.904219	10.716667
675.757605	1791.824969	10.733333
677.203134	1797.179102	10.750000
678.006722	1802.743395	10.766667
679.290692	1809.753093	10.783333
680.735848	1815.662608	10.800000
682.020515	1821.631669	10.816667
683.305533	1827.077461	10.833333
684.590545	1832.530789	10.850000
685.875910	1837.458175	10.866667
687.000429	1842.976384	10.883333
688.124584	1849.036897	10.900000
689.409218	1855.055872	10.916667
690.693845	1861.083782	10.933333
691.817983	1867.171002	10.950000
693.263082	1873.166415	10.966667
694.386847	1879.809968	10.983333
695.832295	1885.284803	11.000000
697.438944	1889.637315	11.016667
698.243173	1894.246293	11.033333
699.366552	1901.464800	11.050000
700.812343	1906.427423	11.066667
701.936436	1912.581581	11.083333
703.220643	1919.237725	11.100000
704.345088	1924.866449	11.116667
705.790494	1930.402468	11.133333
706.754080	1936.641630	11.150000
708.038627	1942.789532	11.166667
709.483285	1949.443184	11.183333
710.607336	1955.659735	11.200000
711.570163	1963.031885	11.216667
713.175284	1969.667024	11.233333
714.298947	1976.462474	11.250000
715.582717	1983.769275	11.266667
717.027702	1989.935053	11.283333
718.312568	1995.607387	11.300000
719.758653	2000.131749	11.316667
720.562059	2005.967237	11.333333
721.846168	2012.769244	11.350000
723.130641	2019.026713	11.366667
724.254626	2025.342844	11.383333
725.860427	2030.962438	11.400000
726.984773	2036.738655	11.416667
728.430080	2042.423124	11.433333
729.554790	2047.656057	11.450000
730.517889	2054.621889	11.466667
731.801573	2062.058920	11.483333
733.085623	2068.947287	11.500000
734.369291	2076.407707	11.516667
735.814941	2081.581469	11.533333
736.938866	2087.986207	11.550000
738.383373	2094.864735	11.566667
739.508420	2099.594978	11.583333
740.631949	2106.590094	11.600000
742.077196	2112.365384	11.616667
743.040609	2118.862658	11.633333
744.485465	2125.220952	11.650000
745.609349	2131.686780	11.666667
746.893710	2138.112301	11.683333
748.178065	2144.546794	11.700000
749.301931	2151.039435	11.716667
750.425026	2158.682789	11.733333
752.190810	2164.998274	11.750000
753.154175	2171.568330	11.766667
754.599749	2176.853899	11.783333
755.724354	2182.243890	11.800000
757.008668	2188.739736	11.816667
758.132493	2195.293548	11.833333
759.416023	2202.959102	11.850000
760.861574	2208.281158	11.866667
761.825285	2214.333480	11.883333
763.109182	2221.451436	11.900000
764.393847	2227.422404	11.916667
765.356378	2235.236933	11.933333
766.799959	2243.497534	11.950000
767.923345	2250.707026	11.966667
769.367299	2258.411572	11.983333
770.972899	2264.331104	12.000000
772.097437	2269.820939	12.016667
773.221970	2275.317032	12.033333
774.506199	2281.940055	12.050000
775.629939	2288.620662	12.066667
777.075424	2294.040859	12.083333
778.199546	2300.151191	12.100000
779.644234	2306.759450	12.116667
780.929223	2312.249001	12.133333
781.732365	2318.478966	12.150000
783.337914	2324.474168	12.166667
784.141046	2330.719142	12.183333
785.424037	2339.189830	12.200000
786.868293	2346.442431	12.216667
787.830699	2354.443158	12.233333
789.434628	2362.856285	12.250000
790.879659	2368.954426	12.266667
791.682755	2375.253133	12.283333
793.287060	2383.105179	12.300000
794.732872	2388.035543	12.316667
795.857317	2393.664266	12.333333
796.982158	2398.701788	12.350000
798.105393	2406.136865	12.366667
799.710870	2412.240277	12.383333
800.674413	2418.543578	12.400000
802.119397	2424.710323	12.416667
803.243412	2430.980711	12.433333
804.367422	2437.258653	12.450000
805.811987	2444.050564	12.466667
806.614618	2451.043177	12.483333
807.736185	2460.968502	12.500000
809.339996	2469.557984	12.516667
810.462351	2478.304939	12.533333
812.227845	2485.054550	12.550000
813.513107	2490.134726	12.566667
814.798773	2494.612348	12.583333
815.762658	2500.405960	12.600000
816.886204	2507.376053	12.616667
818.169818	2514.917249	12.633333
819.293760	2521.295510	12.650000
820.577361	2528.856181	12.666667
822.343629	2534.448790	12.683333
823.147003	2540.333071	12.700000
824.270104	2547.968134	12.716667
825.553679	2555.566212	12.733333
826.676766	2563.222278	12.750000
828.441772	2570.699209	12.766667
829.244707	2577.238325	12.783333
830.848805	2585.399466	12.800000
832.294897	2589.913020	12.816667
833.097817	2596.474761	12.833333
834.542658	2602.854883	12.850000
835.505635	2610.004146	12.866667
836.628255	2618.356219	12.883333
838.071830	2626.626082	12.900000
839.515814	2634.285926	12.916667
840.800144	2640.757512	12.933333
841.924405	2646.660233	12.950000
843.047826	2653.817683	12.966667
844.652266	2661.468075	12.983333
845.616031	2667.439806	13.000000
846.738595	2675.876469	13.016667
848.182533	2683.604053	13.033333
849.305502	2691.436068	13.050000
851.070811	2698.462228	13.066667
852.035393	2703.213923	13.083333
853.319247	2710.395872	13.100000
854.603518	2716.956075	13.116667
855.567244	2722.986042	13.133333
857.011139	2730.778261	13.150000
857.974856	2736.822629	13.166667
859.417889	2745.900898	13.183333
860.862614	2752.455291	13.200000
861.664558	2760.474019	13.216667
863.429381	2768.223670	13.233333
864.392645	2774.943449	13.250000
865.676439	2782.215045	13.266667
867.281617	2788.764654	13.283333
868.084384	2795.554326	13.300000
869.528642	2802.805150	13.316667
870.651932	2810.157889	13.333333
872.096178	2817.426883	13.350000
873.541277	2823.421828	13.366667
874.665841	2828.873710	13.383333
875.629058	2835.662406	13.400000
876.913233	2842.366109	13.416667
877.714233	2851.793002	13.433333
879.318061	2860.357515	13.450000
880.601351	2868.380706	13.466667
881.884202	2877.061290	13.483333
883.651089	2881.730767	13.500000
884.454220	2887.976749	13.516667
885.738355	2894.739387	13.533333
886.700219	2903.549851	13.550000
887.982164	2913.581233	13.566667
889.586369	2921.582669	13.583333
890.870915	2927.730798	13.600000
892.477294	2932.488695	13.616667
893.441746	2937.434279	13.633333
894.404883	2944.344215	13.650000
895.527618	2952.524395	13.666667
896.811266	2960.014262	13.683333
898.255388	2967.467462	13.700000
899.539464	2974.319014	13.716667
900.662614	2981.881075	13.733333
902.106718	2989.360853	13.750000
903.069375	2996.986617	13.766667
904.352545	3005.189588	13.783333
905.474785	3014.108992	13.800000
906.596574	3023.701770	13.816667
908.200239	3032.509988	13.833333
909.805227	3039.342067	13.850000
910.768733	3045.700170	13.866667
912.053196	3051.973772	13.883333
913.177174	3058.299111	13.900000
914.621217	3065.870672	13.916667
915.584706	3072.255245	13.933333
916.707331	3080.600781	13.950000
918.150909	3088.866400	13.966667
919.434447	3096.519596	13.983333
920.717531	3104.850923	14.000000
922.001506	3111.853250	14.016667
922.802687	3121.010094	14.033333
924.405811	3130.625170	14.050000
925.689316	3138.327457	14.066667
927.134197	3144.647978	14.083333
928.258566	3150.391425	14.100000
929.059712	3159.600565	14.116667
930.984662	3167.832352	14.133333
932.109016	3173.596358	14.150000
933.553874	3179.952049	14.166667
934.678221	3185.726989	14.183333
935.641631	3192.229288	14.200000
936.925087	3200.004526	14.216667
938.208538	3207.788862	14.233333
939.491982	3215.582298	14.250000
940.454005	3224.154563	14.266667
941.736524	3233.329310	14.283333
943.179515	3242.471755	14.300000
944.463390	3249.622403	14.316667
945.586322	3257.508788	14.333333
947.029291	3266.683921	14.350000
948.313608	3273.175294	14.366667
949.436522	3281.088897	14.383333
951.202728	3286.774718	14.400000
951.845113	3293.463455	14.416667
953.449450	3301.267519	14.433333
954.573726	3307.148790	14.450000
955.857555	3314.368640	14.466667
956.980437	3322.330055	14.483333
958.102850	3330.990923	14.500000
959.385736	3339.618183	14.516667
960.830021	3346.827998	14.533333
961.791935	3355.563227	14.550000
963.074336	3364.914336	14.566667
964.357194	3373.583359	14.583333
965.639578	3382.958220	14.600000
966.922888	3390.953361	14.616667
968.045712	3399.001555	14.633333
969.489021	3407.668458	14.650000
970.933258	3414.949631	14.666667
972.057000	3421.627430	14.683333
973.341218	3428.267770	14.700000
974.464951	3434.958304	14.716667
975.747751	3443.713618	14.733333
977.352912	3450.287582	14.750000
978.155203	3457.788601	14.766667
979.438455	3465.868995	14.783333
980.721230	3474.662131	14.800000
981.843990	3482.805100	14.816667
983.287703	3490.870030	14.833333
984.410451	3499.031188	14.850000
985.533193	3507.201409	14.866667
986.654507	3517.502948	14.883333
988.258198	3526.271567	14.900000
989.541874	3533.719634	14.916667
990.665066	3541.218758	14.933333
992.108734	3549.349296	14.950000
993.715257	3553.890755	14.966667
994.518430	3560.074552	14.983333
995.802560	3566.845729	15.000000
996.764295	3575.847913	15.016667
998.046980	3584.774309	15.033333
999.490137	3593.668261	15.050000
1000.773287	3601.900863	15.066667
1001.896432	3609.469796	15.083333
1003.340050	3617.676888	15.100000
1004.302224	3626.022145	15.116667
1005.745829	3634.247557	15.133333
1006.868471	3642.568013	15.150000
1007.990142	3652.336703	15.166667
1009.272766	3661.354351	15.183333
1010.876824	3669.575870	15.200000
1012.321847	3675.683939	15.216667
1013.446394	3681.160538	15.233333
1014.408522	3689.575441	15.250000
1015.691602	3697.913986	15.266667
1016.492268	3707.838642	15.283333
1018.415790	3718.202649	15.300000
1019.539830	3724.436516	15.316667
1020.822883	3732.813147	15.333333
1021.945453	3741.241436	15.350000
1023.067528	3750.407105	15.366667
1024.510553	3759.498538	15.383333
1025.955037	3766.411220	15.400000
1026.917593	3774.187901	15.416667
1028.361089	3782.576328	15.433333
1029.645081	3789.552584	15.450000
1030.768099	3797.309986	15.466667
1032.213052	3803.524414	15.483333
1032.853643	3812.890024	15.500000
1034.456604	3822.747687	15.516667
1035.579108	3831.273284	15.533333
1037.022069	3840.459981	15.550000
1038.144560	3849.004573	15.566667
1039.106568	3857.600277	15.583333
1040.869474	3868.210689	15.600000
1041.993432	3874.567076	15.616667
1043.276377	3883.106246	15.633333
1044.721282	3889.390987	15.650000
1045.361807	3898.854948	15.666667
1047.125672	3908.036660	15.683333
1048.249607	3914.425353	15.700000
1049.371547	3923.792530	15.716667
1050.653958	3933.128641	15.733333
1051.936861	3941.730458	15.750000
1053.059280	3950.383082	15.766667
1054.663626	3958.173591	15.783333
1055.463576	3969.168590	15.800000
1057.389367	3976.146439	15.816667
1058.352286	3983.379940	15.833333
1059.474676	3992.076794	15.850000
1060.437084	4000.074170	15.866667
1061.717926	4011.750423	15.883333
1063.320721	4021.856322	15.900000
1064.766056	4027.501029	15.916667
1065.567458	4036.326893	15.933333
1067.171748	4044.201764	15.950000
1067.652184	4053.127417	15.966667
1069.575394	4063.957338	15.983333
1070.698740	4071.226488	16.000000
1071.981545	4079.974353	16.016667
1073.586314	4087.134392	16.033333
1074.389199	4093.748188	16.050000
1075.671480	4103.278594	16.066667
1076.633307	4112.142127	16.083333
1077.913536	4124.734737	16.100000
1079.838723	4132.613655	16.116667
1080.641584	4139.262815	16.133333
1081.923831	4148.844453	16.150000
1083.207093	4156.910202	16.166667
1084.328849	4166.552445	16.183333
1085.932541	4175.318446	16.200000
1086.895345	4182.725465	16.216667
1088.500053	4189.976306	16.233333
1089.462334	4198.162832	16.250000
1090.262590	4208.700014	16.266667
1092.025701	4219.006277	16.283333
1093.309434	4226.369867	16.300000
1094.270660	4236.130148	16.316667
1095.874304	4244.968775	16.333333
1096.997028	4253.166531	16.350000
1098.441218	4260.519385	16.366667
1099.403454	4268.772258	16.383333
1100.364132	4279.352851	16.400000
1102.128223	4288.196085	16.416667
1103.251438	4295.659733	16.433333
1104.212614	4305.496536	16.450000
1105.655212	4315.223600	16.466667
1106.937327	4325.001571	16.483333
1108.702429	4332.336374	16.500000
1109.344710	4339.179459	16.516667
1110.626285	4349.763283	16.533333
1112.069374	4358.759460	16.550000
1113.352503	4367.024090	16.566667
1114.635626	4375.296510	16.583333
1115.597267	4384.438458	16.600000
1116.718854	4394.332576	16.616667
1118.321864	4404.118156	16.633333
1119.445013	4411.680452	16.650000
1120.727583	4420.779556	16.666667
1122.172202	4427.491009	16.683333
1122.812328	4437.551196	16.700000
1124.575782	4447.344904	16.716667
1125.537903	4455.771229	16.733333
1127.140339	4466.413401	16.750000
1128.424458	4473.199463	16.766667
1129.226086	4481.689066	16.783333
1130.829031	4491.570937	16.800000
1131.790064	4501.621084	16.816667
1133.071511	4512.395739	16.833333
1134.514489	4521.556951	16.850000
1135.797517	4529.972709	16.866667
1137.080006	4539.190928	16.883333
1138.203080	4546.866781	16.900000
1138.842054	4558.646757	16.916667
1140.925837	4569.292007	16.933333
1141.888952	4576.234178	16.950000
1143.010400	4586.335900	16.966667
1144.613804	4595.532264	16.983333
1145.575298	4604.893638	17.000000
1147.499642	4614.030899	17.016667
1148.303869	4618.641957	17.033333
1149.585225	4629.552496	17.050000
1150.547234	4638.144877	17.066667
1151.827499	4650.684734	17.083333
1153.431399	4659.141203	17.100000
1154.393930	4666.955257	17.116667
1155.676868	4675.504027	17.133333
1157.119737	4684.828352	17.150000
1158.242729	4692.625014	17.166667
1159.525111	4702.004912	17.183333
1160.004024	4713.203357	17.200000
1161.764565	4727.344749	17.216667
1163.528894	4735.832803	17.233333
1164.813421	4742.010981	17.250000
1165.776450	4749.081424	17.266667
1166.737299	4759.405503	17.283333
1167.857527	4771.328174	17.300000
1169.459717	4782.336466	17.316667
1170.581019	4792.656926	17.333333
1172.345308	4801.204625	17.350000
1173.470423	4805.832329	17.366667
1174.431780	4815.399261	17.383333
1175.714628	4824.081962	17.400000
1176.674877	4835.302676	17.416667
1178.115994	4847.241064	17.433333
1179.719774	4855.876290	17.450000
1180.843223	4862.992115	17.466667
1181.965568	4871.755181	17.483333
1183.248383	4880.488248	17.500000
1184.047562	4892.632416	17.516667
1186.132189	4902.018802	17.533333
1186.934665	4909.243713	17.550000
1188.377932	4917.972531	17.566667
1189.339769	4926.821951	17.583333
1190.781920	4937.218638	17.600000

1191.903667	4946.874273	17.616667
1193.025962	4955.711502	17.633333
1194.306507	4967.832573	17.650000
1195.910215	4976.576024	17.666667
1196.710986	4986.343957	17.683333
1198.635633	4995.029330	17.700000
1199.764024	4994.768369	17.716667
1199.613066	4988.162461	17.733333
1198.989570	4968.405468	17.750000
1198.206684	4947.066738	17.766667
1197.267166	4920.029573	17.783333
1196.168783	4890.627588	17.800000
1194.749395	4861.380600	17.816667
1193.810832	4832.918269	17.833333
1191.909913	4803.942530	17.850000
1190.968519	4779.705027	17.866667
1189.708315	4752.348406	17.883333
1187.965550	4726.799030	17.900000
1186.862478	4704.394638	17.916667
1185.437882	4682.922808	17.933333
1184.496301	4658.963804	17.950000
1183.395823	4632.688045	17.966667
1181.814409	4605.794160	17.983333
1180.873244	4581.214156	18.000000
1179.129660	4556.888126	18.016667
1177.703789	4537.318943	18.033333
1176.760917	4515.287674	18.050000
1175.658598	4491.758526	18.066667
1174.556772	4467.493945	18.083333
1173.135540	4441.001223	18.100000
1171.550620	4419.339620	18.116667
1170.446045	4399.178240	18.133333
1169.021014	4378.354312	18.150000
1167.755906	4358.317806	18.166667
1166.330816	4337.582549	18.183333
1165.546558	4318.290209	18.200000
1164.604403	4295.189862	18.216667
1162.860345	4271.570217	18.233333
1161.435647	4250.249972	18.250000
1160.330318	4231.213255	18.266667
1159.066552	4209.174070	18.283333
1157.962713	4187.914674	18.300000
1156.376382	4168.359044	18.316667
1155.431419	4149.448175	18.333333
1154.328512	4126.797608	18.350000
1153.063559	4106.528734	18.366667
1151.477622	4086.386702	18.383333
1150.534580	4064.608665	18.400000
1148.948072	4045.317150	18.416667
1147.842463	4026.699594	18.433333
1146.577866	4005.900225	18.450000
1145.472706	3986.612060	18.466667
1144.530510	3963.571778	18.483333
1142.463426	3943.126297	18.500000
1141.356673	3926.215592	18.516667
1139.929442	3908.675059	18.533333
1138.983621	3891.045138	18.550000
1137.879289	3870.521571	18.566667
1136.774925	3850.046109	18.583333
1135.189589	3829.005508	18.600000
1133.762720	3810.924793	18.616667
1132.494824	3795.049180	18.633333
1131.388370	3777.691700	18.650000
1130.604815	3757.352313	18.666667
1129.179804	3736.498678	18.683333
1128.074737	3717.071338	18.700000
1126.649659	3696.317741	18.716667
1125.384052	3677.025891	18.733333
1124.118414	3657.778928	18.750000
1122.691784	3639.342636	18.766667
1121.585599	3621.584063	18.783333
1120.159878	3601.789819	18.800000
1119.053639	3584.112765	18.816667
1117.626897	3565.843391	18.833333
1116.199168	3549.046288	18.850000
1115.092373	3532.198546	18.866667
1113.503640	3516.228352	18.883333
1112.395369	3501.583421	18.900000
1111.770419	3483.996558	18.916667
1110.344946	3463.832789	18.933333
1109.078498	3445.795961	18.950000
1107.651070	3428.549108	18.966667
1106.545046	3410.550347	18.983333
1105.439935	3391.189889	19.000000
1103.852416	3373.408644	19.016667
1102.906318	3356.192153	19.033333
1101.641103	3336.314633	19.050000
1100.213977	3318.617753	19.066667
1099.268726	3300.136808	19.083333
1097.520584	3282.613117	19.100000
1096.252465	3267.069839	19.116667
1094.822921	3252.981786	19.133333
1093.875720	3237.412356	19.150000
1092.769396	3219.860803	19.166667
1091.503024	3201.710563	19.183333
1089.913831	3186.426528	19.200000
1088.966536	3170.996856	19.216667
1087.539147	3153.692738	19.233333
1086.753650	3136.251229	19.250000
1085.326659	3118.353179	19.266667
1083.737800	3102.571317	19.283333
1082.469425	3087.409360	19.300000
1081.523341	3070.171961	19.316667
1080.577679	3052.304844	19.333333
1079.150995	3033.948454	19.350000
1077.562904	3017.020757	19.366667
1075.812519	3002.844994	19.383333
1074.863624	2989.802697	19.400000
1073.915603	2975.457272	19.416667
1072.809299	2957.875481	19.433333
1071.381120	2941.750536	19.450000
1070.273876	2925.572886	19.466667
1068.684724	2910.228213	19.483333
1067.416070	2895.483955	19.500000
1066.468355	2880.680662	19.516667
1065.039615	2865.393872	19.533333
1064.254083	2848.003287	19.550000
1062.987080	2830.795005	19.566667
1061.398650	2814.372107	19.583333
1060.292069	2797.205558	19.600000
1058.702718	2782.158356	19.616667
1057.593922	2768.296172	19.633333
1056.486399	2752.535537	19.650000
1055.057029	2738.188278	19.666667
1054.109509	2723.094539	19.683333
1052.520896	2706.945450	19.700000
1051.411565	2693.882259	19.716667
1050.304345	2677.668608	19.733333
1048.714805	2662.904042	19.750000
1047.927223	2648.573830	19.766667
1046.499808	2631.308181	19.783333
1044.909771	2617.283883	19.800000
1044.122120	2603.057672	19.816667
1042.532879	2587.845441	19.833333
1041.585539	2572.483563	19.850000
1039.996664	2556.724784	19.866667
1038.566160	2544.070506	19.883333
1037.617082	2531.301828	19.900000
1036.348268	2516.796109	19.916667
1035.401221	2500.995211	19.933333
1033.811807	2486.041418	19.950000
1032.059826	2474.248516	19.966667
1031.592504	2460.872803	19.983333
1030.325216	2444.090411	20.000000
1029.055849	2430.408767	20.016667
1027.627612	2414.370492	20.033333
1025.876346	2401.510421	20.050000
1025.087545	2389.000029	20.066667
1023.657608	2375.497614	20.083333
1022.709096	2361.884039	20.100000
1021.762177	2345.893972	20.116667
1020.172494	2331.341359	20.133333
1018.742064	2318.576533	20.150000
1017.472897	2304.597760	20.166667
1016.041625	2293.088202	20.183333
1014.932099	2280.316340	20.200000
1013.662071	2267.622400	20.216667
1012.713385	2254.268956	20.233333
1011.444900	2239.271506	20.250000
1009.853843	2226.770215	20.266667
1009.065967	2212.879857	20.283333
1007.476048	2198.680663	20.300000
1006.527248	2185.495759	20.316667
1005.258245	2171.272859	20.333333
1003.506207	2159.563767	20.350000
1002.717047	2147.589344	20.366667
1001.447586	2134.048749	20.383333
999.856361	2121.797891	20.400000
998.585309	2110.633302	20.416667
997.636363	2097.667671	20.433333
996.849032	2082.962208	20.450000
995.259260	2068.543221	20.466667
993.507447	2056.499755	20.483333
992.558409	2043.670254	20.500000
991.126759	2032.726645	20.516667
990.178061	2019.390205	20.533333
989.230477	2004.391538	20.550000
987.800658	1990.713557	20.566667
986.530920	1977.587057	20.583333
984.779333	1965.205644	20.600000
983.507297	1955.508470	20.616667
982.236746	1943.595273	20.633333
980.804197	1933.992056	20.650000
980.335654	1922.440850	20.666667
978.744825	1909.599003	20.683333
977.795535	1897.146985	20.700000
976.525996	1883.722369	20.716667
974.935096	1870.986436	20.733333
973.825623	1858.136003	20.750000
972.555276	1845.918534	20.766667
970.962475	1836.020004	20.783333
970.495237	1822.520642	20.800000
968.422773	1810.104285	20.816667
967.953667	1799.391300	20.833333
966.363336	1785.807069	20.850000
965.092498	1774.321855	20.866667
963.982845	1761.739318	20.883333
962.552202	1749.292667	20.900000
961.120458	1738.487538	20.916667
959.849539	1727.124793	20.933333
958.577885	1716.857473	20.950000
957.627895	1705.450090	20.966667
955.714271	1695.436682	20.983333
955.245340	1684.462851	21.000000
953.814195	1672.764222	21.016667
952.221839	1662.201663	21.033333
951.271753	1650.937803	21.050000
950.161514	1639.230376	21.066667
948.890419	1628.128500	21.083333
947.619654	1616.535089	21.100000
945.706234	1606.217473	21.116667
945.075974	1596.556057	21.133333
943.965634	1585.000099	21.150000
942.694788	1573.527460	21.166667
941.906751	1559.875992	21.183333
939.672609	1549.293620	21.200000
938.560808	1539.917506	21.216667
937.449676	1529.542280	21.233333
936.178383	1518.736056	21.250000
935.067555	1507.907982	21.266667
933.635738	1497.212256	21.283333
932.524532	1486.948432	21.300000
931.574805	1475.148173	21.316667
929.982444	1464.594023	21.333333
928.872187	1452.912481	21.350000
927.440269	1442.368611	21.366667
926.006994	1433.848447	21.383333
924.896009	1423.254999	21.400000
923.462705	1414.779003	21.416667
922.511837	1404.682328	21.433333
921.401458	1393.183452	21.450000
919.808283	1383.844059	21.466667
918.857359	1373.830397	21.483333
917.425619	1363.020029	21.500000
916.314173	1353.114562	21.516667
915.203361	1342.261786	21.533333
914.093178	1330.469998	21.550000
912.661676	1319.304491	21.566667
911.229504	1309.139466	21.583333
909.957474	1299.433202	21.600000
908.685748	1289.273666	21.616667
907.734973	1279.038940	21.633333
906.302722	1268.990678	21.650000
905.030937	1258.919562	21.666667
903.437525	1249.932658	21.683333
902.325870	1240.339101	21.700000
900.891960	1232.767628	21.716667
899.779640	1224.165638	21.733333
898.667621	1215.115287	21.750000
897.395729	1205.203799	21.766667
896.605273	1195.163721	21.783333
895.012995	1184.483915	21.800000
893.901216	1175.075593	21.816667
892.307962	1165.852484	21.833333
891.035352	1157.013168	21.850000
889.923210	1148.145367	21.866667
888.972154	1138.328909	21.883333
887.539315	1129.159293	21.900000
886.267250	1119.506204	21.916667
884.673277	1111.357056	21.933333
883.560136	1103.981173	21.950000
882.447591	1095.714672	21.966667
881.175153	1086.617545	21.983333
879.902698	1077.547263	22.000000
878.629620	1069.404484	22.016667
877.517616	1060.332113	22.033333
876.566379	1050.785386	22.050000
875.134264	1040.535040	22.066667
873.540447	1032.153246	22.083333
872.267288	1024.133148	22.100000
871.315085	1016.028209	22.116667
870.202973	1007.115267	22.133333
868.931538	996.521664	22.150000
867.658902	987.720843	22.166667
866.226055	978.562868	22.183333
864.631825	970.796841	22.200000
863.519039	962.892004	22.216667
862.406237	955.009098	22.233333
861.133515	946.336061	22.250000
860.020683	938.499328	22.266667
858.587441	929.931120	22.283333
857.314091	922.194398	22.300000
856.362273	913.515815	22.316667
854.928693	905.452326	22.333333
853.655297	897.784954	22.350000
852.221116	890.618062	22.366667
851.429433	882.408185	22.383333
849.996073	874.016329	22.400000
849.044153	865.489178	22.416667
847.451114	855.946481	22.433333
846.177343	848.839515	22.450000
844.903838	841.335066	22.466667
843.630597	833.436561	22.483333
842.196575	826.031397	22.500000
841.404761	818.017594	22.516667
840.131749	809.778319	22.533333
839.019755	800.689357	22.550000
837.104485	793.133279	22.566667
835.830049	787.019093	22.583333
834.876848	780.403886	22.600000
833.603480	772.694938	22.616667
832.651069	764.901342	22.633333
831.217182	757.295407	22.650000
829.782739	750.519960	22.666667
828.508768	743.709728	22.683333
827.556295	736.008221	22.700000
826.282833	728.440109	22.716667
825.170108	720.443203	22.733333
823.575905	712.637027	22.750000
822.141110	706.386920	22.766667
821.188028	699.595195	22.783333
820.235987	691.247768	22.800000
818.801942	683.878824	22.816667
817.367880	676.534204	22.833333
815.933279	669.994221	22.850000
814.819377	663.753368	22.866667
813.705984	656.753819	22.883333
812.753840	648.560690	22.900000
810.998468	641.828170	22.916667
809.724026	635.721722	22.933333
808.449316	630.016435	22.950000
807.335595	623.506507	22.966667
806.061629	616.689874	22.983333
805.108622	609.784908	23.000000
803.674140	603.067164	23.016667
802.400130	596.316199	23.033333
800.965367	590.019188	23.050000
799.851312	584.007284	23.066667
798.737496	577.638080	23.083333
797.463931	570.222919	23.100000
796.511073	563.096116	23.116667
794.755764	556.270131	23.133333
793.320420	550.837982	23.150000
792.366528	545.255289	23.166667
790.931657	539.117947	23.183333
790.299208	532.723110	23.200000
788.704559	525.582891	23.216667
787.269647	519.507811	23.233333
786.155695	513.341388	23.250000
784.559783	508.086416	23.266667
783.605567	502.986559	23.283333
782.492063	496.152331	23.300000
781.217574	490.116726	23.316667
780.103799	483.686738	23.333333
778.830001	476.619931	23.350000
777.876683	470.180151	23.366667
776.281638	463.630260	23.383333
774.525143	458.575110	23.400000
773.731796	452.848182	23.416667
772.136002	447.417653	23.433333
770.860701	442.594674	23.450000
769.745643	438.079515	23.466667
768.470791	432.584890	23.483333
767.516903	426.996013	23.500000
766.403445	420.093145	23.516667
764.807349	415.112703	23.533333
763.532448	409.691205	23.550000
762.096818	404.686952	23.566667
761.142640	399.530261	23.583333
760.188910	393.705427	23.600000
758.754160	387.387078	23.616667
757.639915	381.659579	23.633333
756.204681	376.063850	23.650000
754.929469	371.106370	23.666667
753.654248	366.164416	23.683333
752.218528	361.294159	23.700000
750.943061	356.717848	23.716667
749.667585	352.155200	23.733333
748.552588	347.549987	23.750000
747.759001	342.182212	23.766667
746.162964	337.113163	23.783333
745.048379	331.892816	23.800000
743.613027	326.473855	23.816667
742.177003	322.057560	23.833333
741.061945	317.542245	23.850000
739.947097	312.714606	23.866667
739.313919	307.408318	23.883333
737.718454	301.486509	23.900000
736.122324	296.556692	23.916667
734.846942	291.853197	23.933333
733.410847	287.542479	23.950000
732.295505	283.452383	23.966667
731.019666	279.430677	23.983333
729.904734	274.727857	24.000000
728.789792	270.040496	24.016667
727.353863	265.481754	24.033333
726.078201	261.197281	24.050000
724.802530	256.926445	24.066667
723.526639	252.982840	24.083333
722.732623	248.255715	24.100000
721.297063	243.147360	24.116667
720.021145	239.244442	24.133333
718.906122	234.676997	24.150000
717.470113	230.238466	24.166667
716.194375	226.066613	24.183333
715.079116	221.851617	24.200000
713.321691	218.183529	24.216667
712.527186	214.186607	24.233333
710.930641	209.876652	24.250000
709.975427	206.265485	24.266667
708.699636	202.172661	24.283333
707.102860	198.207204	24.300000
705.986934	194.987807	24.316667
704.710716	191.533690	24.333333
703.755868	187.377020	24.350000
702.640322	183.589394	24.366667
701.203992	179.629799	24.383333
699.927943	175.923701	24.400000
698.651885	172.229477	24.416667
697.214935	169.194597	24.433333
696.259839	165.408420	24.450000
694.983562	162.041765	24.466667
694.189331	157.635782	24.483333
692.592453	153.822293	24.500000
690.834688	150.661525	24.516667
689.879162	147.515893	24.533333
688.442361	144.260718	24.550000
687.486823	141.133232	24.566667
686.371177	137.495486	24.583333
684.934547	133.983885	24.600000
683.818886	130.369831	24.616667
682.221369	127.510233	24.633333
680.944632	124.829931	24.650000
679.828568	121.815540	24.666667
678.391522	118.924317	24.683333
677.275258	116.210184	24.700000
676.159177	113.221245	24.716667
674.721926	110.636971	24.733333
673.605834	107.664766	24.750000
672.008084	105.153186	24.766667
671.052283	102.419804	24.783333
669.775686	99.529637	24.800000
668.820061	96.533549	24.816667
667.864615	93.268913	24.833333
666.106720	90.301236	24.850000
664.990403	87.665793	24.866667
663.874265	84.762608	24.883333
662.276656	82.040313	24.900000
661.320629	79.644497	24.916667
659.562338	77.268721	24.933333
658.606119	75.158143	24.950000
657.650261	72.508632	24.966667
656.052626	69.825053	24.983333
654.775600	67.576290	25.000000
653.498389	65.603585	25.016667
652.060686	63.693309	25.033333
651.104625	61.346636	25.050000
649.988071	59.063509	25.066667
649.192670	56.403786	25.083333
647.434334	54.096494	25.100000
646.157279	51.890317	25.116667
645.040708	49.632678	25.133333
643.442668	47.553774	25.150000
642.325735	45.837495	25.166667
641.208977	43.860968	25.183333
639.931903	41.683398	25.200000
638.815137	39.717267	25.216667
637.216902	37.928869	25.233333
635.778802	36.611749	25.250000
634.661852	34.920856	25.266667
633.705388	33.176235	25.283333
632.428118	31.290226	25.300000
630.990183	29.726806	25.316667
630.194199	27.936704	25.333333
628.756432	26.122074	25.350000
627.478977	24.513229	25.366667
626.201520	22.908300	25.383333
625.084375	21.507199	25.400000
623.485936	20.024999	25.416667
622.689764	18.514931	25.433333
621.091320	17.040101	25.450000
620.134655	15.594140	25.466667
618.857012	14.266609	25.483333
617.418878	12.999819	25.500000
616.141060	11.932902	25.516667
615.023729	10.810467	25.533333
613.746078	9.494130	25.550000
612.789232	8.318732	25.566667
611.672066	6.950214	25.583333
610.394240	5.895120	25.600000
608.955924	4.900026	25.616667
607.678095	3.849385	25.633333
606.560585	2.994812	25.650000
605.603562	2.083996	25.666667
604.325561	1.290308	25.683333
603.047390	0.748959	25.700000
601.929708	0.150816	25.716667
600.490880	-0.080358	25.733333
599.373197	-0.676735	25.750000
598.736811	-1.195629	25.766667
597.458638	-1.732441	25.783333
596.501274	-2.134388	25.800000
595.544244	-3.034344	25.816667
594.105413	-3.261303	25.833333
593.148215	-3.910003	25.850000
592.191016	-4.557710	25.866667
591.073327	-5.146584	25.883333
589.634661	-5.618768	25.900000
588.516971	-6.205633	25.916667
587.559769	-6.849351	25.933333
586.602733	-7.739390	25.950000
584.842920	-7.844507	25.966667
583.885882	-8.732053	25.983333
582.447376	-9.444453	26.000000
581.008705	-9.909072	26.016667
579.730521	-10.430554	26.033333
578.131360	-10.835263	26.050000
576.692686	-11.296837	26.066667
574.933034	-11.641614	26.083333
573.173218	-11.740315	26.100000
571.413565	-12.083278	26.116667
569.493095	-11.878028	26.133333
565.325946	-11.106402	26.150000
546.071217	-2.445900	26.166667
553.938918	-3.322209	26.183333
560.042392	-5.276598	26.200000
560.368600	-5.637756	26.216667
559.731876	-5.651523	26.233333
558.453197	-5.433661	26.250000
555.569631	-4.636808	26.266667
554.130463	-4.360892	26.283333
553.654228	-4.432262	26.300000
553.819947	-4.735146	26.316667
551.257522	-4.298602	26.333333
549.978679	-3.835428	26.350000
549.823585	-4.267050	26.366667
547.742626	-4.003623	26.383333
545.179873	-3.077208	26.400000
545.345592	-3.379636	26.416667
543.745935	-3.045073	26.433333
543.430188	-3.173664	26.450000
540.867598	-2.491521	26.466667
540.712340	-2.677878	26.483333
539.915290	-2.876686	26.500000
538.797262	-2.959418	26.516667
536.876627	-2.508442	26.533333
535.116645	-2.359110	26.550000
533.677313	-1.837891	26.566667
534.003683	-2.441159	26.583333
532.885655	-2.522945	26.600000
531.446649	-2.488630	26.616667
528.723570	-1.747369	26.633333
527.123912	-1.411462	26.650000
526.326698	-1.365088	26.666667
525.689973	-1.376569	26.683333
525.374387	-1.746881	26.700000
525.219291	-2.174877	26.716667
521.533442	-1.328192	26.733333
521.538671	-1.570924	26.750000
518.655102	-0.770835	26.766667
519.462938	-1.545637	26.783333
517.703115	-1.635615	26.800000
515.621828	-0.882444	26.816667
514.664287	-1.019324	26.833333
512.583162	-0.508274	26.850000
512.909530	-1.108277	26.866667
513.556876	-1.823938	26.883333
510.834120	-1.564257	26.900000
508.913645	-1.352154	26.916667
504.906654	-0.144961	26.933333
504.430254	0.028887	26.950000
504.916949	-0.386416	26.966667
504.601362	-0.753244	26.983333
504.606751	-1.235737	27.000000
503.007415	-1.379464	27.016667
499.482051	-0.586251	27.033333
498.203369	-0.363403	27.050000
496.122243	0.149325	27.066667
496.609098	-0.505896	27.083333
496.293510	-0.871068	27.100000
493.731078	-0.424459	27.116667
492.773534	-0.557242	27.133333
490.532080	-0.225999	27.150000
490.376818	-0.408100	27.166667
490.863833	-1.301887	27.183333
487.659446	-0.621973	27.200000
486.701901	-0.753448	27.216667
483.818490	-0.188895	27.233333
483.021113	0.101009	27.250000
482.866011	-0.319828	27.266667
480.624395	0.252623	27.283333
481.432226	-0.515745	27.300000
480.153863	-0.769068	27.316667
477.912407	-0.435046	27.333333
477.275838	-0.680659	27.350000
475.194870	-0.404071	27.366667
473.595369	-0.301188	27.383333
472.477173	-0.133648	27.400000
470.396045	0.381954	27.416667
470.882898	-0.268599	27.433333
469.604373	-0.280903	27.450000
469.288940	-0.878912	27.466667
467.368460	-0.658544	27.483333
464.485047	-0.089839	27.500000
463.527499	-0.216961	27.516667
462.409303	-0.048377	27.533333
460.809640	0.294318	27.550000
461.617628	-0.707683	27.566667
458.894703	-0.195712	27.583333
458.739598	-0.611755	27.600000
456.177161	-0.157236	27.616667
453.775054	0.476295	27.633333
454.743212	-0.108584	27.650000
453.785821	-0.470299	27.666667
451.865181	-0.010471	27.683333
451.389256	-0.545497	27.700000
447.863885	0.258766	27.716667
448.350734	-0.387504	27.733333
445.306671	0.479165	27.750000
445.632874	0.127170	27.766667
445.156948	-0.406132	27.783333
443.396953	-0.238996	27.800000
443.242004	-0.887450	27.816667
440.198098	-0.255286	27.833333
437.475012	0.496262	27.850000
436.998928	0.200125	27.866667
435.399106	0.780612	27.883333
437.169865	-0.327967	27.900000
435.570515	-0.452059	27.916667
434.613120	-0.807789	27.933333
432.692635	-0.580165	27.950000
429.327907	-0.064021	27.966667
426.925641	0.806896	27.983333
427.733309	0.282358	28.000000
426.133644	0.628815	28.016667
427.904558	-0.712048	28.033333
425.342273	-0.484591	28.050000
424.545209	-0.661676	28.066667
421.982923	-0.433203	28.083333
419.259992	0.087266	28.100000
418.783905	-0.205045	28.116667
417.023750	0.200633	28.133333
416.066040	0.315996	28.150000
416.071419	-0.150040	28.166667
413.669465	0.255402	28.183333
414.477287	-0.500560	28.200000
412.717444	-0.559477	28.216667
410.315489	-0.153075	28.233333
410.160378	-0.559660	28.250000
405.832401	0.776585	28.266667
406.319090	0.370139	28.283333
405.361534	0.254549	28.300000
404.243490	0.197314	28.316667
404.730489	-0.672397	28.333333
402.489177	-0.553852	28.350000
399.926577	0.144307	28.366667
399.611131	-0.433584	28.383333
397.369508	0.148671	28.400000
397.696017	-0.660904	28.416667
394.170638	0.155616	28.433333
393.533749	0.388065	28.450000
392.736680	0.216971	28.466667
391.939612	0.046131	28.483333
390.982054	-0.066338	28.500000
390.666606	-0.641403	28.516667
387.462204	0.060471	28.533333
387.949045	-0.574203	28.550000
383.139754	0.709510	28.566667
384.910198	0.070121	28.583333
382.508393	0.252439	28.600000
382.353279	-0.148853	28.616667
382.358807	-0.837545	28.633333
379.796358	-0.366212	28.650000
377.554888	-0.010859	28.666667
376.276350	-0.004055	28.683333
373.553259	0.755270	28.700000
375.644835	-0.229551	28.716667
373.243028	-0.044033	28.733333
372.766934	-0.327034	28.750000
371.167418	-0.202757	28.766667
367.963013	0.503287	28.783333
367.807897	0.104764	28.800000
366.529205	0.341734	28.816667
365.411155	0.292507	28.833333
365.416680	-0.391493	28.850000
362.372915	0.030068	28.866667
362.217645	-0.139460	28.883333
359.815836	0.050277	28.900000
358.697632	0.229987	28.916667
359.023981	-0.341036	28.933333
356.943149	-0.266444	28.950000
355.343631	-0.138821	28.966667
354.546557	-0.301790	28.983333
351.823616	0.233587	29.000000
351.347215	0.408110	29.016667
350.229163	0.362027	29.033333
349.753067	0.083491	29.050000
349.919229	-0.880116	29.066667
346.233353	0.005744	29.083333
345.917745	-0.329972	29.100000
342.713184	0.607803	29.116667
342.718554	0.156108	29.133333
341.760989	0.053787	29.150000
340.321958	0.126299	29.166667
340.327326	-0.324665	29.183333
338.567468	-0.360511	29.200000
336.165502	0.062105	29.216667
336.170870	-0.387991	29.233333
332.484993	0.500791	29.250000
333.132015	0.267983	29.266667
332.174600	-0.057091	29.283333
330.575078	0.075743	29.300000
329.617512	-0.023985	29.316667
327.857651	-0.056676	29.333333
327.221062	-0.272186	29.350000
326.103006	-0.312803	29.366667
322.898594	0.403654	29.383333
323.385277	0.005171	29.400000
321.464777	0.256311	29.416667
320.507209	0.158402	29.433333
320.031258	-0.337323	29.450000
317.789779	0.031201	29.466667
316.671722	-0.007581	29.483333
315.393175	0.012126	29.500000
313.793651	0.148558	29.516667
313.478038	-0.180601	29.533333
310.755091	0.363999	29.550000
311.241774	-0.033298	29.566667
310.123865	-0.293059	29.583333
306.598323	0.765848	29.600000
307.245644	0.088394	29.616667
304.683184	0.576014	29.633333
305.490993	-0.159209	29.650000
304.533572	-0.475301	29.666667
301.971261	-0.208335	29.683333
300.371734	-0.068852	29.700000
297.969763	0.362169	29.716667
296.530429	0.886451	29.733333
297.498726	0.094415	29.750000
295.899347	0.013661	29.766667
295.904710	-0.428250	29.783333
293.663375	-0.275005	29.800000
291.582528	-0.179422	29.816667
290.143341	0.124479	29.833333
288.383325	0.324631	29.850000
288.228197	-0.057639	29.866667
286.628669	0.084770	29.883333
284.547674	0.402268	29.900000
285.194991	-0.270626	29.916667
283.274631	-0.230559	29.933333
281.995933	0.016041	29.950000
280.075573	0.056906	29.966667
278.476044	0.201043	29.983333
277.839301	0.214929	30.000000
276.560897	0.023835	30.016667
275.121709	0.329416	30.033333
274.806237	-0.210643	30.050000
272.243773	0.284562	30.066667
271.767519	0.240810	30.083333
271.291558	-0.239833	30.100000
269.050071	0.139603	30.116667
268.253132	-0.223506	30.133333
266.011498	0.374621	30.150000
266.017003	-0.279233	30.166667
263.454537	0.218035	30.183333
262.336327	0.408473	30.200000
261.378751	0.323099	30.216667
261.063131	0.004743	30.233333
260.105700	-0.297403	30.250000
258.506313	-0.365733	30.266667
256.264679	0.233651	30.283333
255.788715	-0.242105	30.300000
253.547225	0.140864	30.316667
251.947547	0.507417	30.333333
251.471437	0.249268	30.350000
250.513859	0.166336	30.366667
250.519216	-0.266297	30.383333
249.722416	-0.839213	30.400000
246.036525	0.070482	30.416667
245.079091	-0.226900	30.433333
243.318923	0.199109	30.450000
242.361200	0.333518	30.466667
240.601320	0.328790	30.483333
240.446042	0.171773	30.500000
239.970074	-0.298916	30.516667
238.852006	-0.320691	30.533333
236.289536	0.182898	30.550000
235.492445	0.044961	30.566667
233.732420	0.257367	30.583333
233.256307	0.003242	30.600000
231.335793	0.274530	30.616667
229.736256	0.429386	30.633333
228.939165	0.292733	30.650000
228.302562	0.097973	30.666667
228.468548	-0.602221	30.683333
226.066708	-0.368095	30.700000
224.306682	-0.153312	30.716667
222.546655	0.061743	30.733333
221.107606	0.160335	30.750000
218.865969	0.764231	30.766667
219.031667	0.492669	30.783333
218.716184	-0.029817	30.800000
218.882168	-0.726889	30.816667
216.319837	-0.431031	30.833333
213.596875	0.136277	30.850000
212.639291	0.061692	30.866667
210.718774	0.337655	30.883333
210.081884	0.571184	30.900000
210.087519	-0.277306	30.916667
208.327490	-0.058941	30.933333
207.851515	-0.519146	30.950000
205.289041	-0.008168	30.966667
203.689500	0.152739	30.983333
202.410937	0.197124	31.000000
200.971885	0.300167	31.016667
201.298072	-0.027796	31.033333
200.661747	-0.638288	31.050000
197.778435	-0.219474	31.066667
196.018262	0.212289	31.083333
194.418721	0.375176	31.100000
193.781972	0.398312	31.116667
193.787320	-0.022488	31.133333
192.187919	-0.069139	31.150000
191.390962	-0.407281	31.166667
188.828485	0.107525	31.183333
187.389431	0.213699	31.200000
185.629399	0.436974	31.216667
184.992649	0.461084	31.233333
185.640093	-0.400948	31.250000
185.324602	-0.911927	31.266667
182.120307	-0.370683	31.283333
180.199785	-0.087411	31.300000
177.155699	0.813915	31.316667
177.321394	0.546719	31.333333
176.363806	0.479957	31.350000
175.887685	0.238147	31.366667
177.337572	-0.913002	31.383333
174.293904	-0.635490	31.400000
172.052402	-0.233350	31.416667
169.971528	-0.097164	31.433333
167.408908	0.630218	31.450000
168.376909	0.279549	31.466667
166.617013	0.299642	31.483333
166.622358	-0.115266	31.500000
166.306863	-0.620286	31.516667
163.423681	-0.396509	31.533333
162.626579	-0.518050	31.550000
160.064097	0.003697	31.566667
157.340987	0.790809	31.583333
158.630105	0.116513	31.600000
157.191185	0.023151	31.616667
156.715199	-0.420429	31.633333
154.634321	-0.278797	31.650000
151.750722	0.567608	31.666667
153.200466	-0.370454	31.683333
150.156653	0.123180	31.700000
149.680528	-0.112633	31.716667
148.883562	-0.436657	31.733333
146.321078	0.088352	31.750000
145.523974	-0.029628	31.766667
144.085050	-0.118405	31.783333
141.682780	0.758826	31.800000
142.972034	-0.118790	31.816667
140.891154	0.027328	31.833333
141.538588	-0.820270	31.850000
138.655261	-0.380560	31.866667
136.413890	-0.174210	31.883333
135.135317	-0.114306	31.900000
132.572558	0.821618	31.916667
132.898876	0.296838	31.933333
132.262259	0.123276	31.950000
131.465289	-0.195105	31.966667
132.273210	-1.097970	31.983333
127.624637	-0.214276	32.000000
126.345926	0.050703	32.016667
124.585884	0.288332	32.033333
122.665081	0.990442	32.050000
124.756778	-0.175900	32.066667
123.959942	-0.694074	32.083333
121.076611	-0.248213	32.100000
120.440128	-0.621002	32.116667
117.396172	0.086608	32.133333
116.598928	0.177178	32.150000
115.320487	0.039621	32.166667
113.720797	0.423074	32.183333
114.207737	-0.357510	32.200000
111.966225	0.058840	32.216667
111.811207	-0.486730	32.233333
108.606895	0.080363	32.250000
107.488672	0.289044	32.266667
107.654497	-0.171423	32.283333
105.413119	0.045650	32.300000
104.134542	0.112641	32.316667
103.497920	-0.054274	32.333333
100.293338	0.916122	32.350000
102.706145	-0.563000	32.366667
99.501830	0.007478	32.383333
98.704719	-0.099764	32.400000
98.389209	-0.582190	32.416667
95.505872	-0.127227	32.433333
94.066803	0.000757	32.450000
91.664799	0.480342	32.466667
90.706931	0.831683	32.483333
92.638268	-0.468686	32.500000
89.594440	0.046818	32.516667
89.439284	-0.292406	32.533333
87.037413	-0.010166	32.550000
85.758965	-0.137305	32.566667
84.159406	0.051573	32.583333
82.078378	0.416429	32.600000
81.441621	0.452530	32.616667
81.286597	-0.083095	32.633333
78.884723	0.201881	32.650000
80.013479	-0.603631	32.666667
76.648802	-0.163680	32.683333
75.691066	-0.009588	32.700000
75.696529	-0.601429	32.716667
71.850119	0.410367	32.733333
72.336917	-0.159394	32.750000
69.934910	0.325674	32.766667
68.656326	0.400887	32.783333
69.143124	-0.168157	32.800000
66.741248	0.121292	32.816667
66.586220	-0.409022	32.833333
64.344832	-0.177015	32.850000
61.782202	0.564588	32.866667
62.429488	-0.061621	32.883333
59.706632	0.347374	32.900000
59.872319	0.093141	32.916667
58.593996	-0.219929	32.933333
56.833943	0.034171	32.950000
57.160380	-0.668498	32.966667
53.956054	-0.081138	32.983333
53.158805	0.017094	33.000000
51.559371	0.019099	33.016667
48.996741	0.762392	33.033333
49.965003	0.021676	33.050000
48.044590	0.142068	33.066667
47.568449	-0.070467	33.083333
46.932079	-0.612063	33.100000
43.727620	0.172806	33.116667
43.411968	-0.097366	33.133333
42.133510	-0.209016	33.150000
39.089411	0.711564	33.166667
39.736694	0.090337	33.183333
37.655789	0.273010	33.200000
38.303071	-0.347635	33.216667
37.185230	-0.708643	33.233333
34.622856	-0.348340	33.250000
33.665374	-0.573898	33.266667
29.979317	0.582620	33.283333
29.824023	0.448986	33.300000
29.347880	0.240547	33.316667
27.748311	0.442904	33.333333
28.716699	-0.484777	33.350000
26.956898	-0.606450	33.366667
24.875989	-0.418422	33.383333
23.116059	-0.347132	33.400000
19.750979	0.693555	33.416667
20.558492	0.400248	33.433333
19.280029	0.296341	33.450000
19.285351	-0.085499	33.466667
18.488483	-0.555141	33.483333
15.444637	-0.012017	33.500000
14.647640	-0.289700	33.516667
13.208685	-0.332137	33.533333
10.806540	0.357952	33.550000
10.651499	-0.153130	33.566667
8.570460	0.230158	33.583333
8.415164	0.099162	33.600000

7.297187	-0.058738	33.616667
5.376636	0.266654	33.633333
5.542573	-0.359794	33.650000
3.622148	-0.222770	33.666667
1.380618	0.221040	33.683333
1.065086	-0.227884	33.700000
