Number of Data Points = 7
        
File	hc(nm)	Pmax(µN)	S(µN/nm)	A(nm^2)	hmax(nm)	heff(nm)	Er(GPa)	H(GPa)	A	hf(nm)	m	X(mm)	Y(mm)	Drift(nm/s)
nPEO 040119 0002 DC.hys	235.45943	10.668037	1.754913	1184153.409277	240.236339	240.018646	1.428849	0.009009	0.004958	223.415061	2.731322	-135.799006	-95.391005	1.016288
nPEO 040119 0003 DC.hys	234.877756	18.595872	2.372029	1178814.559642	240.934068	240.757491	1.935674	0.015775	4.581937e-005	210.938642	3.803596	-135.809506	-95.386005	0.649744
nPEO 040119 0004 DC.hys	233.875118	23.653597	2.468393	1169645.372993	241.017912	241.062059	2.022191	0.020223	3.609617e-005	205.207998	3.741584	-135.803506	-95.386005	0.47631
nPEO 040119 0005 DC.hys	231.789064	30.166258	2.853116	1150703.829229	239.864571	239.718882	2.356528	0.026215	3.896243e-006	195.466458	4.185382	-135.799006	-95.386005	0.342729
nPEO 040119 0006 DC.hys	238.182365	4.649153	1.62819	1209335.363398	241.298971	240.323924	1.311796	0.003844	0.43503	235.825443	1.575422	-135.809006	-95.381005	0.342862
nPEO 040119 0007 DC.hys	236.767134	9.025047	2.413604	1196208.138082	240.388653	239.571564	1.955228	0.007545	0.125091	231.779104	2.083968	-135.803506	-95.381005	0.359029
nPEO 040119 0008 DC.hys	233.520912	13.740146	1.367309	1166416.250308	240.727217	241.057694	1.121695	0.01178	6.713261e-005	206.397395	3.449114	-135.799006	-95.381005	0.320101
