Thu Nov 07 13:50:41 2013

Number of Points = 1051
Depth (nm)	Load (µN)	Time (s)
-6.101195	-0.685399	0.000000
-6.894666	-0.391799	0.016667
-7.206669	-0.274359	0.033333
-7.839775	0.146989	0.050000
-7.188967	0.098642	0.066667
-7.500970	0.216079	0.083333
-6.208080	-0.253669	0.100000
-6.680573	-0.077514	0.116667
-6.190254	-0.067077	0.133333
-5.378832	-0.360666	0.150000
-5.048878	-0.478101	0.166667
-4.879163	-0.909957	0.183333
-5.512145	-0.675080	0.200000
-7.750019	0.146989	0.216667
-7.259825	0.343948	0.233333
-8.214036	1.069596	0.250000
-5.958335	0.434334	0.266667
-4.986424	0.082040	0.283333
-4.335366	-0.339597	0.300000
-4.486755	-0.467597	0.316667
-5.119736	-0.232729	0.333333
-5.592353	0.130134	0.350000
-5.904356	0.247566	0.366667
-5.895506	0.434334	0.383333
-4.923594	0.082040	0.400000
-5.075108	0.140756	0.416667
-4.584665	-0.035391	0.433333
-4.094221	-0.211537	0.450000
-4.406349	0.092726	0.466667
-4.236884	0.034011	0.483333
-4.388273	-0.094106	0.500000
-5.181744	0.199472	0.516667
-4.530936	0.151441	0.533333
-4.521960	0.151441	0.550000
-4.673599	0.397045	0.566667
-4.183281	0.407853	0.583333
-4.334669	0.279617	0.600000
-3.523373	0.172999	0.616667
-3.835250	0.103475	0.633333
-4.147379	0.407853	0.650000
-3.656935	0.231713	0.666667
-3.968938	0.349139	0.683333
-3.478620	0.360010	0.700000
-3.790623	0.477435	0.716667
-3.621283	0.605791	0.733333
-2.809736	0.125160	0.750000
-3.282353	0.488367	0.766667
-2.791785	0.125160	0.783333
-3.424766	0.360010	0.800000

-3.415916	0.547079	0.816667
-3.246451	0.488367	0.833333
-3.237601	0.675495	0.850000
-2.907646	0.558073	0.866667
-2.898796	0.745261	0.883333
-2.889821	0.745261	0.900000
-2.078399	0.451709	0.916667
-2.230038	0.697668	0.933333
-2.220937	0.510419	0.950000
-2.693429	0.686550	0.966667
-2.684579	0.873797	0.983333
-2.675728	1.061102	1.000000
-2.185285	0.884975	1.016667
-2.015820	0.826266	1.033333
-1.525377	0.650139	1.050000
-1.516401	0.650139	1.066667
-1.507551	0.837507	1.083333
-1.980043	1.013632	1.100000
-2.292172	1.318471	1.116667
-1.801854	1.329832	1.133333
-1.632263	1.083641	1.150000
-1.142071	1.282549	1.166667
-1.132970	1.095005	1.183333
-1.123994	1.095005	1.200000
-0.473061	0.860178	1.216667
-0.785064	0.977592	1.233333
-0.776089	0.977592	1.250000
-0.767113	0.977592	1.266667
-0.918752	1.223843	1.283333
-0.588798	1.106431	1.300000
-0.740312	1.165137	1.316667
-0.410483	1.235331	1.333333
0.079960	1.059215	1.350000
-0.232043	1.176626	1.366667
-0.223067	1.176626	1.383333
-0.374581	1.235331	1.400000
-0.365731	1.422995	1.416667
-0.356755	1.422995	1.433333
-0.187416	1.552013	1.450000
0.303027	1.375901	1.466667
0.472492	1.317198	1.483333
0.000000	1.493309	1.500000
1.131519	2.398113	1.516667
1.942184	3.234682	1.533333
4.357107	4.431615	1.550000
6.611408	5.884367	1.566667
9.026193	7.287087	1.583333
12.243418	8.405165	1.600000
14.337213	9.942541	1.616667
17.072830	11.446728	1.633333
19.808569	12.767569	1.650000
22.383684	14.349965	1.666667
24.959183	15.357686	1.683333
27.694906	16.703896	1.700000
29.949155	18.234594	1.716667
33.005976	19.284045	1.733333
35.099858	20.692341	1.750000
37.835558	22.071900	1.766667
40.250274	23.577287	1.783333
42.986096	24.774553	1.800000
45.400801	26.296596	1.816667
47.655146	27.684791	1.833333
50.390683	29.308190	1.850000
53.126484	30.536767	1.866667
55.380813	31.948210	1.883333
57.955843	33.657598	1.900000
60.370513	35.231038	1.916667
62.785040	37.018493	1.933333
65.360050	38.757653	1.950000
67.935191	40.300133	1.966667
70.670954	41.585350	1.983333
73.085595	43.202984	2.000000
75.339741	44.887736	2.016667
77.754089	46.942130	2.033333
80.168430	49.008304	2.050000
83.064371	50.699702	2.066667
85.639469	52.306016	2.083333
88.214562	53.921051	2.100000
90.629446	55.176304	2.116667
92.562141	57.683283	2.133333
95.458049	59.423477	2.150000
97.711706	61.838972	2.166667
100.125987	63.992859	2.183333
102.860947	66.477218	2.200000
105.435701	68.598094	2.216667
107.850105	70.569741	2.233333
110.585480	72.435054	2.250000
112.839381	74.485385	2.266667
115.414104	76.651056	2.283333
118.149309	78.770328	2.300000
120.081762	81.639355	2.316667
122.816799	84.008270	2.333333
125.230849	86.507158	2.350000
127.484250	89.303915	2.366667
130.058467	92.226854	2.383333
132.311541	95.511678	2.400000
134.885579	98.699617	2.416667
137.138627	102.023229	2.433333
139.551841	105.771140	2.450000
141.965038	109.542965	2.466667
144.538395	113.748628	2.483333
147.112048	117.512637	2.500000
149.525196	121.358630	2.516667
151.938168	125.466181	2.533333
154.350803	130.078000	2.550000
157.084555	134.365121	2.566667
159.336984	138.613468	2.583333
162.070698	142.957217	2.600000
164.322763	147.747850	2.616667
167.056438	152.150853	2.633333
169.629604	156.640726	2.650000
172.042262	161.217411	2.666667
174.455068	165.573644	2.683333
177.349323	169.782903	2.700000
179.761925	174.443888	2.716667
182.495654	178.765148	2.733333
184.587581	183.089457	2.750000
187.481765	187.404683	2.766667
189.573659	191.778105	2.783333
192.307319	196.202756	2.800000
194.880473	200.711574	2.816667
197.454307	204.205333	2.833333
199.706977	208.093085	2.850000
202.119595	212.730194	2.866667
204.853172	217.278620	2.883333
207.265754	221.968682	2.900000
209.838986	226.361395	2.916667
212.572510	230.988156	2.933333
214.985580	234.950453	2.950000
217.237787	239.529150	2.966667
219.810955	244.016968	2.983333
222.223436	248.858464	3.000000
224.796571	253.395643	3.016667
227.529994	258.174147	3.033333
230.424442	262.094521	3.050000
232.676923	266.263912	3.066667
235.089879	270.395506	3.083333
237.502636	274.825601	3.100000
239.915378	279.277460	3.116667
242.327917	284.032345	3.133333
244.900739	289.036594	3.150000
247.634221	293.726456	3.166667
249.725734	298.669249	3.183333
252.459184	303.407401	3.200000
254.871641	308.284032	3.216667
257.123401	313.530397	3.233333
259.695925	318.978894	3.250000
262.268430	324.456551	3.266667
265.001599	329.613901	3.283333
267.413971	334.618332	3.300000
270.147303	339.532902	3.316667
272.399352	344.346682	3.333333
274.811676	349.422358	3.350000
277.223784	354.820499	3.366667
279.956850	360.131424	3.383333
282.208031	366.241485	3.400000
284.780167	372.269625	3.416667
287.191590	378.690201	3.433333
289.763887	384.478366	3.450000
292.014777	391.022151	3.466667
294.586620	397.487050	3.483333
297.158440	403.986656	3.500000
299.891141	409.842870	3.516667
302.463543	415.473100	3.533333
305.196416	421.073391	3.550000
307.287740	426.298139	3.566667
309.860302	431.690384	3.583333
312.111447	437.853461	3.600000
314.522421	444.943737	3.616667
317.094287	451.375722	3.633333
320.147594	457.670279	3.650000
322.399088	463.312256	3.666667
324.971109	469.512515	3.683333
327.222352	475.530035	3.700000
330.115309	481.674817	3.716667
332.206028	487.803292	3.733333
334.777752	494.446743	3.750000
337.188966	501.178466	3.766667
340.081844	507.442000	3.783333
342.814660	513.125901	3.800000
345.226709	518.612801	3.816667
347.799454	523.730650	3.833333
349.890274	529.708572	3.850000
352.301827	535.935657	3.866667
354.873168	543.149150	3.883333
357.123967	549.829499	3.900000
359.695035	557.451215	3.916667
362.266767	564.082085	3.933333
364.838479	570.742332	3.950000
367.570659	577.376035	3.966667
369.821590	583.860178	3.983333
372.232523	591.011128	4.000000
374.804391	597.439552	4.016667
377.375771	604.596035	4.033333
379.947365	611.432602	4.050000
382.519176	617.945312	4.066667
384.930482	624.540589	4.083333
387.501780	631.818599	4.100000
389.913049	638.470013	4.116667
392.484546	645.451018	4.133333
395.056505	651.742067	4.150000
397.146020	659.668049	4.166667
400.038190	666.988658	4.183333
402.128146	674.255245	4.200000
404.699054	682.114975	4.216667
407.269940	690.009676	4.233333
409.841048	697.571321	4.250000
412.572869	704.740426	4.266667
414.983945	711.679138	4.283333
417.394504	719.388493	4.300000
419.966029	726.328165	4.316667
422.216061	734.154291	4.333333
424.947531	741.846880	4.350000
427.518746	749.249601	4.366667
430.089941	756.681842	4.383333
432.339888	764.633757	4.400000
434.589814	772.617760	4.416667
437.320665	781.234328	4.433333
439.731032	789.230380	4.450000
442.140861	798.029916	4.466667
445.032385	806.315432	4.483333
447.121711	814.522027	4.500000
450.013188	822.876362	4.516667
452.423706	830.647672	4.533333
454.673191	839.288593	4.550000
457.404377	847.406110	4.566667
459.975585	854.819851	4.583333
462.225269	863.163311	4.600000
464.956392	871.375013	4.616667
467.206033	879.782892	4.633333
469.775820	889.316694	4.650000
472.185633	898.141044	4.666667
474.916395	906.891491	4.683333
477.326703	914.975438	4.700000
479.575415	924.770094	4.716667
482.306106	933.626038	4.733333
484.876836	941.752308	4.750000
487.608033	949.853931	4.766667
490.178999	957.627360	4.783333
492.428698	965.949761	4.800000
494.999072	974.608124	4.816667
497.408937	983.353013	4.833333
499.658015	992.601960	4.850000
502.389090	1000.885637	4.866667
504.637841	1010.622395	4.883333
507.368025	1020.235171	4.900000
509.938265	1029.093287	4.916667
512.026455	1038.995181	4.933333
514.916765	1049.092057	4.950000
517.326735	1057.680346	4.966667
519.735823	1067.585777	4.983333
522.466723	1076.129832	5.000000
524.715856	1085.296768	5.016667
527.606621	1094.714676	5.033333
530.177264	1102.971013	5.050000
532.747888	1111.254510	5.066667
534.997230	1120.109527	5.083333
537.085773	1129.486286	5.100000
539.815647	1139.561519	5.116667
542.385305	1149.286916	5.133333
544.794455	1159.101025	5.150000
547.685335	1168.345872	5.166667
549.613280	1177.943264	5.183333
552.182246	1188.701547	5.200000
554.752087	1198.154699	5.216667
557.160516	1209.044196	5.233333
560.051282	1218.460229	5.250000
562.300387	1227.668309	5.266667
564.869835	1237.708736	5.283333
567.439564	1247.328663	5.300000
569.848786	1257.034114	5.316667
572.579264	1266.207583	5.333333
574.506988	1276.135362	5.350000
577.557159	1287.109679	5.366667
580.127708	1295.506726	5.383333
582.215229	1306.407234	5.400000
585.105776	1316.150914	5.416667
587.033076	1326.710445	5.433333
589.601979	1337.563052	5.450000
592.170542	1348.924142	5.466667
594.900194	1359.330912	5.483333
597.308852	1369.878208	5.500000
600.038774	1379.881545	5.516667
602.448023	1389.546646	5.533333
605.017098	1400.143459	5.550000
607.265179	1410.880384	5.566667
609.994691	1421.495798	5.583333
612.082240	1432.355697	5.600000
614.972190	1442.989920	5.616667
617.541795	1452.795377	5.633333
619.950244	1463.654260	5.650000
622.519481	1474.009354	5.666667
624.607241	1484.553140	5.683333
627.014636	1496.985551	5.700000
629.903785	1508.815181	5.716667
632.151628	1519.907539	5.733333
635.201870	1530.776229	5.750000
637.450662	1540.451615	5.766667
639.698770	1551.148666	5.783333
642.427641	1562.720702	5.800000
644.675368	1573.985969	5.816667
647.243032	1586.688806	5.833333
649.812015	1597.422970	5.850000
652.219477	1609.755571	5.866667
655.109042	1620.962776	5.883333
657.356987	1631.903585	5.900000
659.925196	1643.792560	5.916667
662.333237	1655.260737	5.933333
664.580427	1667.327781	5.950000
667.308699	1679.793373	5.966667
669.877150	1691.321437	5.983333
672.284747	1703.452869	6.000000
674.853496	1714.535546	6.016667
677.261043	1726.741052	6.033333
679.989881	1738.362180	6.050000
682.558912	1749.025106	6.066667
684.645417	1761.441995	6.083333
687.374185	1773.168762	6.100000
689.460640	1785.661044	6.116667
692.509973	1797.887636	6.133333
695.078537	1809.245463	6.150000
697.486596	1820.686733	6.166667
700.055474	1831.577738	6.183333
702.141807	1844.252038	6.200000
704.548723	1857.399404	6.216667
707.276579	1870.487723	6.233333
709.684521	1882.102726	6.250000
712.894498	1894.039153	6.266667
714.982517	1904.197961	6.283333
717.390031	1916.451383	6.300000
719.958735	1927.602240	6.316667
722.044141	1941.660905	6.333333
724.611333	1955.067024	6.350000
727.339349	1967.916298	6.366667
729.907223	1980.304150	6.383333
732.956524	1992.578258	6.400000
734.883900	2003.025204	6.416667
737.451335	2016.068951	6.433333
740.020234	2026.928437	6.450000
742.267028	2039.585893	6.466667
744.834390	2052.738365	6.483333
747.241619	2065.419095	6.500000
749.970166	2077.475087	6.516667
752.699068	2089.001338	6.533333
754.785640	2101.319706	6.550000
757.513363	2114.604759	6.566667
759.921235	2126.325869	6.583333
762.006597	2140.449713	6.600000
765.055974	2152.609761	6.616667
766.981566	2165.718481	6.633333
770.028978	2180.811534	6.650000
772.275869	2193.324751	6.666667
774.843317	2206.348939	6.683333
777.411129	2218.831565	6.700000
779.818435	2231.396103	6.716667
782.385424	2245.105451	6.733333
784.792685	2257.738785	6.750000
787.199141	2271.571565	6.766667
789.926929	2284.761150	6.783333
792.172852	2298.718738	6.800000
795.220768	2313.060367	6.816667
797.307735	2324.788634	6.833333
799.874548	2338.761301	6.850000
802.441731	2352.180793	6.866667
804.848408	2365.684560	6.883333
807.415145	2379.771066	6.900000
809.982655	2392.703441	6.916667
812.389260	2406.315011	6.933333
814.956725	2419.315042	6.950000
817.364087	2431.795494	6.966667
819.930702	2446.064744	6.983333
822.176730	2459.865061	7.000000
824.743699	2473.605547	7.016667
827.470718	2487.940974	7.033333
829.877156	2501.802806	7.050000
832.283160	2516.310225	7.066667
835.171813	2528.880527	7.083333
837.258036	2541.719195	7.100000
839.503487	2556.381869	7.116667
842.229532	2572.172049	7.133333
844.795065	2588.055134	7.150000
847.522292	2602.080227	7.166667
850.250327	2614.901483	7.183333
852.496896	2627.894875	7.200000
854.903509	2641.494124	7.216667
856.987882	2657.093277	7.233333
859.714154	2672.546326	7.250000
862.280335	2687.461239	7.266667
864.846069	2703.044270	7.283333
867.573523	2716.731279	7.300000
869.979569	2731.177036	7.316667
872.546073	2745.612164	7.333333
874.952921	2758.860608	7.350000
877.198841	2772.822129	7.366667
879.925329	2787.952321	7.383333
882.330828	2803.214722	7.400000
884.736300	2818.516199	7.416667
887.463139	2833.121965	7.433333
890.029472	2847.810331	7.450000
892.274820	2862.627313	7.466667
894.841538	2876.741513	7.483333
897.246885	2892.231042	7.500000
899.974037	2906.368727	7.516667
902.218852	2921.979520	7.533333
904.945084	2937.491675	7.550000
907.672165	2951.735340	7.566667
909.757741	2965.540301	7.583333
912.645259	2979.803650	7.600000
914.408950	2995.078208	7.616667
917.454693	3012.662619	7.633333
920.020291	3028.448655	7.650000
922.426714	3042.331079	7.666667
924.832227	3057.572266	7.683333
927.237716	3072.849650	7.700000
929.642287	3089.497556	7.716667
932.206861	3106.811449	7.733333
934.772752	3122.159757	7.750000
937.499099	3137.499371	7.766667
939.904913	3152.292174	7.783333
942.630760	3168.377894	7.800000
945.358846	3181.122394	7.816667
947.605021	3194.704226	7.833333
949.849813	3210.349903	7.850000
952.255061	3225.987036	7.866667
954.820307	3242.297553	7.883333
957.706945	3257.875143	7.900000
959.791618	3273.027100	7.916667
962.356328	3290.137399	7.933333
964.600973	3306.003400	7.950000
967.325647	3323.840549	7.966667
969.729793	3341.121067	7.983333
972.295783	3356.322547	8.000000
974.700341	3372.989320	8.016667
977.426297	3388.912039	8.033333
979.830804	3405.656081	8.050000
982.878604	3420.168982	8.066667
985.124925	3433.532955	8.083333
987.369351	3449.725729	8.100000
990.096602	3463.716644	8.116667
992.180031	3480.725033	8.133333
995.065357	3498.260189	8.150000
997.471111	3513.141204	8.166667
999.875896	3529.469270	8.183333
1002.602565	3544.327766	8.200000
1004.686346	3560.812348	8.216667
1007.411062	3578.585413	8.233333
1009.976228	3595.016070	8.250000
1012.220892	3610.853834	8.266667
1014.946489	3627.312987	8.283333
1017.350622	3644.613218	8.300000
1019.915690	3661.189977	8.316667
1022.480734	3677.803313	8.333333
1024.885759	3693.772995	8.350000
1027.773168	3708.199704	8.366667
1030.341058	3720.563799	8.383333
1032.746996	3735.171124	8.400000
1035.153403	3749.078688	8.416667
1036.915924	3766.098490	8.433333
1039.317397	3787.370847	8.450000
1042.523677	3804.823949	8.466667
1044.927540	3822.528196	8.483333
1047.653319	3838.716242	8.500000
1049.737656	3854.369278	8.516667
1052.301923	3872.142431	8.533333
1055.026641	3889.913366	8.550000
1057.430376	3907.807790	8.566667
1059.995559	3924.213723	8.583333
1062.239763	3940.736814	8.600000
1064.964879	3957.914512	8.616667
1067.690470	3974.381613	8.633333
1070.095084	3990.965608	8.650000
1072.982616	4005.208553	8.666667
1074.907264	4019.725700	8.683333
1077.472293	4036.360914	8.700000
1079.877327	4052.317052	8.716667
1082.119332	4072.123219	8.733333
1084.683275	4090.378429	8.750000
1087.246684	4109.432268	8.766667
1090.131528	4127.686757	8.783333
1092.536955	4143.056414	8.800000

1094.780352	4160.784498	8.816667
1097.505156	4178.426974	8.833333
1099.910008	4194.655385	8.850000
1102.474801	4211.641647	8.866667
1105.039573	4228.661796	8.883333
1107.121341	4248.148322	8.900000
1110.005984	4266.703639	8.916667
1112.411242	4282.325968	8.933333
1114.974881	4301.035538	8.950000
1117.701051	4316.639552	8.966667
1119.784252	4333.987503	8.983333
1122.509860	4350.430031	9.000000
1124.752972	4368.584392	9.016667
1127.153915	4390.645990	9.033333
1130.199355	4408.682252	9.050000
1132.604969	4423.774043	9.066667
1135.007930	4442.823568	9.083333
1137.412977	4458.761026	9.100000
1139.816418	4477.094549	9.116667
1142.701264	4495.346689	9.133333
1144.783703	4513.832531	9.150000
1147.186006	4533.864044	9.166667
1149.910832	4551.473988	9.183333
1152.153139	4570.828903	9.200000
1155.037859	4589.269145	9.216667
1157.442197	4606.263789	9.233333
1160.006454	4624.051801	9.250000
1162.731701	4641.032528	9.266667
1164.654010	4659.042038	9.283333
1167.698008	4679.231053	9.300000
1169.781825	4695.659871	9.316667
1172.343801	4716.851502	9.333333
1175.069478	4733.191129	9.350000
1177.312079	4752.108124	9.366667
1180.034992	4772.572857	9.383333
1182.439108	4789.899567	9.400000
1184.680541	4810.558622	9.416667
1187.563847	4831.108633	9.433333
1189.646393	4849.434600	9.450000
1192.368619	4870.924870	9.466667
1195.254044	4888.313430	9.483333
1197.335967	4907.568761	9.500000
1200.713818	4908.425078	9.516667
1199.768767	4895.480494	9.533333
1199.160055	4859.492144	9.550000
1197.274030	4814.121056	9.566667
1195.070193	4764.140447	9.583333
1193.028301	4711.930367	9.600000
1190.023919	4659.405890	9.616667
1187.338699	4609.475758	9.633333
1185.135277	4558.875915	9.650000
1181.966703	4511.936434	9.666667
1179.598774	4467.393050	9.683333
1176.909758	4423.128904	9.700000
1174.379509	4381.375410	9.716667
1172.012229	4335.862562	9.733333
1169.323853	4290.643996	9.750000
1166.954733	4247.877511	9.766667
1164.585483	4205.304024	9.783333
1161.413719	4163.126740	9.800000
1159.363632	4123.146281	9.816667
1156.511552	4082.783591	9.833333
1154.300754	4043.193041	9.850000
1151.931885	4000.052141	9.866667
1149.239412	3960.947500	9.883333
1146.709300	3918.990200	9.900000
1143.856108	3880.287133	9.916667
1141.161295	3844.674692	9.933333
1139.269760	3807.526908	9.950000
1136.415741	3770.058187	9.966667
1134.365470	3730.353863	9.983333
1131.351716	3691.816964	10.000000
1128.816368	3657.675472	10.016667
1126.442852	3621.470373	10.033333
1123.909230	3584.750465	10.050000
1121.856934	3548.067698	10.066667
1119.164041	3509.589524	10.083333
1116.629605	3474.086458	10.100000
1114.095534	3438.038513	10.116667
1111.240393	3402.244417	10.133333
1108.704694	3368.625981	10.150000
1106.329841	3334.415611	10.166667
1103.954422	3301.051771	10.183333
1101.420272	3265.120614	10.200000
1098.723687	3232.152850	10.216667
1096.508900	3198.515862	10.233333
1093.973051	3165.121517	10.250000
1091.277073	3131.248200	10.266667
1088.579632	3099.558687	10.283333
1086.364436	3066.532719	10.300000
1083.987761	3035.042422	10.316667
1081.613667	2999.699994	10.333333
1078.595313	2968.029626	10.350000
1076.378820	2936.939137	10.366667
1073.520750	2905.516175	10.383333
1071.303190	2876.018948	10.400000
1068.765453	2845.441571	10.416667
1066.068443	2813.108297	10.433333
1063.851041	2783.375468	10.450000
1061.473927	2752.540256	10.466667
1058.776180	2721.306202	10.483333
1056.398441	2691.404556	10.500000
1053.699644	2661.737611	10.516667
1051.321716	2632.118701	10.533333
1048.624410	2600.226127	10.550000
1046.245448	2572.149936	10.566667
1043.546268	2543.055031	10.583333
1041.328024	2514.578285	10.600000
1038.628244	2486.378970	10.616667
1036.250158	2456.994768	10.633333
1033.228821	2429.777730	10.650000
1031.169067	2404.226362	10.666667
1028.629411	2376.513200	10.683333
1026.088455	2350.740743	10.700000
1023.547821	2324.488063	10.716667
1021.329267	2296.474362	10.733333
1018.790449	2267.511482	10.750000
1016.250341	2240.472341	10.766667
1013.710537	2212.981065	10.783333
1011.009764	2186.264079	10.800000
1007.987156	2160.943755	10.816667
1005.926195	2137.192770	10.833333
1003.866708	2111.242799	10.850000
1001.326455	2084.421542	10.866667
998.786872	2056.599808	10.883333
995.764597	2030.781829	10.900000
993.061304	2007.826372	10.916667
991.160731	1984.169246	10.933333
988.458417	1959.752557	10.950000
986.237469	1935.310989	10.966667
983.536103	1909.479032	10.983333
981.154501	1885.342834	11.000000
978.611965	1861.929228	11.016667
976.070447	1836.995489	11.033333
973.690050	1811.060069	11.050000
970.986778	1788.073299	11.066667
968.283066	1765.743010	11.083333
966.060729	1743.374661	11.100000
963.518063	1720.154862	11.116667
961.135443	1697.538048	11.133333
958.593672	1672.981450	11.150000
955.889567	1651.237714	11.166667
953.667538	1628.410808	11.183333
951.285290	1605.239189	11.200000
948.420464	1583.898680	11.216667
945.716048	1562.620289	11.233333
943.170669	1543.448926	11.250000
940.947220	1522.741045	11.266667
938.403408	1501.230917	11.283333
936.020002	1479.787381	11.300000
933.797337	1457.909248	11.316667
931.253954	1435.759516	11.333333
928.388519	1415.328578	11.350000
925.843978	1394.906998	11.366667
923.299362	1374.598198	11.383333
921.075313	1354.785813	11.400000
918.530547	1334.699754	11.416667
916.146514	1314.191606	11.433333
913.602560	1292.893833	11.450000
910.736271	1273.738148	11.466667
908.190244	1255.534950	11.483333
905.804003	1238.321837	11.500000
903.257849	1220.308991	11.516667
900.873054	1200.938120	11.533333
898.488183	1181.679663	11.550000
895.942133	1163.511333	11.566667
893.557115	1144.472553	11.583333
890.851052	1125.652126	11.600000
888.465274	1107.747797	11.616667
885.918943	1089.998828	11.633333
883.533631	1071.399246	11.650000
880.988058	1052.518046	11.666667
878.441811	1034.643641	11.683333
876.216463	1016.769619	11.700000
873.188320	999.709773	11.716667
870.480200	983.957213	11.733333
868.253771	967.696763	11.750000
865.706019	952.068759	11.766667
863.480044	935.130074	11.783333
861.093802	917.919369	11.800000
858.225460	901.827991	11.816667
855.838228	886.095129	11.833333
853.129961	870.562743	11.850000
850.902811	855.378939	11.866667
848.516230	838.673069	11.883333
845.647842	822.650215	11.900000
843.581267	807.280016	11.916667
840.873232	791.402110	11.933333
838.806802	775.814686	11.950000
835.937874	760.596555	11.966667
833.389855	745.366633	11.983333
831.001723	730.977204	12.000000
828.453311	716.333279	12.016667
825.744350	701.836417	12.033333
823.356039	687.714418	12.050000
820.485686	674.624358	12.066667
818.417714	661.338633	12.083333
815.547255	648.406213	12.100000
813.157690	636.154675	12.116667
810.929332	622.773870	12.133333
808.380452	608.828024	12.150000
806.313224	594.432076	12.166667
803.603732	580.727992	12.183333
800.572457	568.342924	12.200000
798.665034	554.909383	12.216667
795.634389	541.583341	12.233333
793.565871	529.112618	12.250000
790.855595	516.579130	12.266667
787.984051	505.267290	12.283333
785.594162	493.499879	12.300000
783.043735	481.862329	12.316667
780.813758	470.897298	12.333333
778.263472	459.051180	12.350000
775.873150	447.929052	12.366667
773.322528	436.584137	12.383333
770.450881	425.425275	12.400000
768.220442	415.150471	12.416667
765.669445	404.364389	12.433333
763.438920	394.217408	12.450000
761.369749	382.721807	12.466667
758.337825	371.304908	12.483333
755.786413	361.139178	12.500000
753.395444	350.983176	12.516667
750.522968	341.061887	12.533333
748.292178	331.309813	12.550000
745.419177	322.171600	12.566667
743.187871	313.190925	12.583333
740.796473	303.675291	12.600000
738.405249	293.900670	12.616667
735.853065	284.886297	12.633333
733.301267	275.295921	12.650000
730.588515	266.458263	12.666667
728.517675	257.452301	12.683333
725.644357	248.787677	12.700000
723.252049	240.630570	12.716667
721.020814	231.543867	12.733333
718.307868	222.995233	12.750000
715.915452	214.999491	12.766667
713.202228	206.865869	12.783333
710.488565	199.388166	12.800000
708.095846	191.844173	12.816667
705.381920	184.758957	12.833333
702.988544	178.195812	12.850000
700.756025	171.024728	12.866667
698.362988	163.954742	12.883333
695.970312	156.346748	12.900000
693.256432	149.193072	12.916667
690.702429	142.892943	12.933333
688.148402	136.630723	12.950000
685.754837	130.349204	12.966667
683.200758	124.162753	12.983333
680.646655	118.014191	13.000000
678.413126	112.349726	13.016667
675.858974	106.273869	13.033333
673.465284	100.178543	13.050000
670.750408	94.511742	13.066667
668.035140	89.429195	13.083333
665.640829	84.261274	13.100000
663.246498	79.122700	13.116667
660.531171	74.128385	13.133333
658.296928	69.530031	13.150000
655.741872	64.802619	13.166667
653.507775	59.986955	13.183333
650.792195	55.370632	13.200000
648.236731	51.252714	13.216667
645.841740	47.099194	13.233333
643.446735	42.967615	13.250000
640.570074	39.292086	13.266667
638.174692	35.723675	13.283333
635.458320	32.288192	13.300000
633.383718	28.897918	13.316667
630.506663	25.811659	13.333333
628.431868	22.708953	13.350000
626.196575	19.677663	13.366667
623.319319	16.891043	13.383333
620.763031	14.002760	13.400000
618.366883	11.576193	13.416667
616.131048	9.354383	13.433333
613.895376	6.889981	13.450000
611.498872	4.995094	13.466667
609.423508	2.742010	13.483333
606.545528	1.036188	13.500000
603.988020	-0.031436	13.516667
601.590831	-0.904461	13.533333
599.514618	-1.890076	13.550000
597.438237	-2.625004	13.566667
595.361854	-3.357653	13.583333
593.285635	-4.334902	13.600000
591.370068	-5.613348	13.616667
589.133356	-6.526156	13.633333
586.896807	-7.681364	13.650000
584.339277	-8.716785	13.666667
581.621092	-9.445770	13.683333
579.705513	-10.705256	13.700000
576.987650	-11.914726	13.716667
574.269621	-12.876133	13.733333
571.230449	-13.475078	13.750000
565.302315	-12.785792	13.766667
538.669021	-1.472056	13.783333
545.578037	-2.507198	13.800000
550.722490	-4.117983	13.816667
547.522179	-3.687931	13.833333
548.173435	-4.405020	13.850000
543.849539	-3.325944	13.866667
541.130531	-2.825882	13.883333
538.090544	-2.209640	13.900000
536.815935	-2.230427	13.916667
535.220671	-2.618864	13.933333
533.143617	-2.349133	13.950000
530.424931	-2.330360	13.966667
528.829504	-2.474945	13.983333
525.629189	-2.039383	14.000000
523.552295	-2.008886	14.016667
520.191652	-1.754751	14.033333
516.670197	-0.960672	14.050000
514.914279	-1.044243	14.066667
512.676895	-0.953308	14.083333
512.204886	-1.499473	14.100000
510.609777	-2.118638	14.116667
505.965220	-1.395212	14.133333
503.888323	-1.359248	14.150000
499.885559	-0.626818	14.166667
497.968989	-0.408777	14.183333
497.015672	-1.015749	14.200000
494.136329	-0.687368	14.216667
492.380726	-1.240697	14.233333
489.341052	-1.090565	14.250000
485.980400	-0.823326	14.266667
483.743010	-0.723696	14.283333
481.184641	-0.507424	14.300000
479.428876	-0.817630	14.316667
477.512620	-1.068788	14.333333
473.670340	-0.386084	14.350000
471.914572	-0.693408	14.366667
468.072449	-0.245265	14.383333
466.637657	-0.666567	14.400000
463.437330	-0.212840	14.416667
462.163026	-0.690371	14.433333
460.246767	-0.934706	14.450000
458.009528	-1.061906	14.466667
454.007069	-0.784006	14.483333
451.769672	-0.674508	14.500000
448.409010	-0.392080	14.516667
446.813568	-0.513422	14.533333
443.292415	-0.171022	14.550000
441.536483	-0.232900	14.566667
439.459729	-0.411279	14.583333
437.543463	-0.646702	14.600000
434.664263	-0.532586	14.616667
432.427174	-0.882190	14.633333
428.103418	-0.010668	14.650000
426.829260	-0.706208	14.666667
423.307946	-0.123474	14.683333
421.712654	-0.468818	14.700000
419.796228	-0.465681	14.716667
416.756535	-0.286241	14.733333
414.679774	-0.454404	14.750000
412.121546	-0.447178	14.766667
408.760872	-0.148286	14.783333
407.326065	-0.545800	14.800000
403.965544	-0.474514	14.816667
401.407159	-0.233293	14.833333
399.490883	-0.453311	14.850000
396.451184	-0.265321	14.866667
393.732462	-0.192538	14.883333
391.655694	-0.351282	14.900000
389.418285	-0.222522	14.916667
387.341669	-0.607511	14.933333
384.462455	-0.472354	14.950000
382.706663	-0.743263	14.966667
378.543689	-0.367920	14.983333
375.985298	-0.118628	15.000000
373.426908	0.131280	15.016667
371.029005	0.323629	15.033333
370.236144	-0.291643	15.050000
368.480499	-0.782989	15.066667
364.157031	-0.341759	15.083333
363.043189	-0.837142	15.100000
359.522163	-0.683880	15.116667
356.482302	-0.253568	15.133333
353.282101	0.010749	15.150000
350.563217	0.326109	15.166667
348.807416	0.068445	15.183333
347.693570	-0.421052	15.200000
345.777428	-0.842327	15.216667
343.219330	-1.029141	15.233333
339.216830	-0.690310	15.250000
336.818920	-0.486200	15.266667
332.655780	0.136290	15.283333
330.739187	0.389722	15.300000
329.785825	-0.150868	15.316667
327.548700	-0.446649	15.333333
325.471914	-0.577286	15.350000
322.592831	-0.637196	15.366667
318.429687	-0.008204	15.383333
317.957788	-0.718019	15.400000
313.313323	-0.132818	15.416667
311.717853	-0.212032	15.433333
309.641062	-0.336170	15.450000
306.601485	-0.329644	15.466667
305.327138	-0.742840	15.483333
301.966580	-0.616846	15.500000
298.766364	-0.328354	15.516667
296.850059	-0.505088	15.533333
293.489352	-0.156176	15.550000
293.017446	-0.855492	15.566667
289.496395	-0.664324	15.583333
286.296175	-0.370269	15.600000
284.058742	-0.207327	15.616667
280.698032	0.146918	15.633333
279.905145	-0.430758	15.650000
277.186534	-0.524578	15.666667
275.912179	-0.925069	15.683333
273.033222	-1.173991	15.700000
267.265173	0.061240	15.716667
265.509058	0.270983	15.733333
263.753089	0.265273	15.750000
261.676140	0.376819	15.766667
262.167449	-1.090213	15.783333
258.646530	-1.096502	15.800000
255.606933	-1.061058	15.816667
252.246357	-0.907279	15.833333
246.959625	0.376283	15.850000
245.524485	0.473700	15.866667
243.287044	0.649505	15.883333
242.654636	0.028808	15.900000
242.985447	-1.367397	15.916667
237.859629	-0.776732	15.933333
235.943448	-1.138897	15.950000
230.656854	-0.061323	15.966667
228.580040	-0.150333	15.983333
226.182105	0.090129	16.000000
223.463334	0.236502	16.016667
222.991408	-0.433628	16.033333
220.272777	-0.496134	16.050000
217.554145	-0.557035	16.066667
215.798586	-1.177054	16.083333
210.030518	0.085352	16.100000
209.076981	-0.193808	16.116667
206.839672	-0.214640	16.133333
203.799916	0.057672	16.150000
203.007147	-0.695952	16.166667
199.004595	-0.279448	16.183333
196.606794	-0.237216	16.200000
195.172065	-0.752748	16.216667
191.971816	-0.416010	16.233333
190.055619	-0.753386	16.250000
186.373901	-0.238939	16.266667
184.457563	-0.366387	16.283333
182.220384	-0.582729	16.300000
178.378037	0.200194	16.316667
177.745748	-0.598200	16.333333
173.903675	-0.225743	16.350000
171.826706	-0.083331	16.366667
170.873436	-0.760768	16.383333
166.389405	-0.150166	16.400000
165.917462	-0.795018	16.416667
162.556990	-0.795474	16.433333
158.393796	-0.092614	16.450000
157.600873	-0.617012	16.466667
153.277189	0.146485	16.483333
152.644754	-0.434409	16.500000
150.086585	-0.515631	16.516667
146.565344	-0.041197	16.533333
145.772554	-0.763148	16.550000
141.769980	-0.313289	16.566667
139.693139	-0.361838	16.583333
137.295589	-0.696108	16.600000
133.774344	-0.215386	16.616667
132.018479	-0.377419	16.633333
128.978700	-0.070181	16.650000
127.222968	-0.431000	16.666667
125.788213	-0.907356	16.683333
121.304164	-0.269820	16.700000
120.190251	-0.660228	16.716667
116.508645	-0.312488	16.733333
114.110818	-0.232204	16.750000
112.515436	-0.443687	16.766667
108.673205	0.165698	16.783333
107.880401	-0.535199	16.800000

104.680390	-0.554306	16.816667
101.319624	-0.116704	16.833333
100.687306	-0.871565	16.850000
96.203114	-0.021567	16.866667
95.249815	-0.656481	16.883333
92.210156	-0.528231	16.900000
88.689028	-0.222596	16.916667
86.451681	-0.187861	16.933333
83.732866	0.023692	16.950000
82.298095	-0.428295	16.966667
80.863323	-0.878755	16.983333
76.860723	-0.389912	17.000000
76.549373	-1.247561	17.016667
70.942009	-0.363798	17.033333
69.025505	-0.243428	17.050000
65.664727	0.211093	17.066667
64.229819	-0.036862	17.083333
63.436998	-0.711868	17.100000
60.557815	-0.623112	17.116667
57.357653	-0.415482	17.133333
55.762511	-0.985222	17.150000
51.118072	-0.438443	17.166667
49.201691	-0.502726	17.183333
46.322375	-0.214073	17.200000
43.282440	0.325716	17.216667
43.292056	-0.630884	17.233333
39.770909	-0.295397	17.250000
37.854780	-0.735514	17.266667
34.815097	-0.572532	17.283333
31.133457	-0.173243	17.300000
30.180006	-0.580273	17.316667
25.856406	0.056638	17.333333
24.260870	0.075726	17.350000
23.147180	-0.647373	17.366667
19.305046	-0.182021	17.383333
17.870375	-0.783684	17.400000
13.546644	0.049161	17.416667
12.753802	-0.596040	17.433333
10.035214	-0.722498	17.450000
6.513927	-0.179281	17.466667
4.437168	-0.350163	17.483333
2.199919	-0.460773	17.500000
