Thu Nov 07 13:54:18 2013

Number of Points = 1044
Depth (nm)	Load (µN)	Time (s)
-6.163663	-0.186700	0.000000
-5.994620	-0.245405	0.016667
-6.146556	-0.186700	0.033333
-6.458981	-0.069292	0.050000
-5.808471	-0.304109	0.066667
-6.602364	-0.010587	0.083333
-5.791490	-0.116368	0.100000
-5.782936	-0.116368	0.116667
-5.132426	-0.351182	0.133333
-5.444851	-0.233775	0.150000
-5.436298	-0.233775	0.166667
-6.069701	0.001040	0.183333
-5.258827	-0.104677	0.200000
-6.052720	0.188838	0.216667
-5.081357	0.024481	0.233333
-4.912315	-0.034221	0.250000
-4.903761	-0.034221	0.266667
-4.895208	-0.034221	0.283333
-4.886654	-0.034221	0.300000
-5.359569	0.141886	0.316667
-5.351141	0.329803	0.333333
-4.861246	0.341677	0.350000
-4.210736	0.106874	0.366667
-4.523161	0.224276	0.383333
-4.514607	0.224276	0.400000
-4.506054	0.224276	0.416667
-4.658116	0.471013	0.433333
-4.328584	0.353613	0.450000
-3.999178	0.424312	0.466667
-3.509157	0.248214	0.483333
-3.500603	0.248214	0.500000
-3.973518	0.424312	0.516667
-4.285943	0.541710	0.533333
-4.117026	0.671167	0.550000
-3.947984	0.612468	0.566667
-2.976495	0.260277	0.583333
-3.288920	0.377674	0.600000
-2.959388	0.260277	0.616667
-3.432429	0.624590	0.633333
-3.423875	0.624590	0.650000
-3.575937	0.871562	0.666667
-3.246405	0.754168	0.683333
-3.077363	0.695471	0.700000
-2.426978	0.649021	0.716667
-3.060382	0.883806	0.733333
-2.570361	0.707717	0.750000
-2.882786	0.825109	0.766667
-2.713870	0.954808	0.783333
-2.544827	0.896112	0.800000

-2.536274	0.896112	0.816667
-2.206868	0.967176	0.833333
-2.037825	0.908481	0.850000
-2.029272	0.908481	0.866667
-1.860229	0.849787	0.883333
-2.333144	1.025871	0.900000
-1.843249	1.038301	0.916667
-1.995185	1.096995	0.933333
-2.307736	1.402954	0.950000
-1.817715	1.226874	0.966667
-1.809288	1.415505	0.983333
-1.319267	1.239428	1.000000
-1.471329	1.486811	1.016667
-1.462649	1.298120	1.033333
-0.972755	1.310736	1.050000
-0.964201	1.310736	1.066667
-0.955648	1.310736	1.083333
-0.786605	1.252044	1.100000
-1.259520	1.428119	1.116667
-0.769625	1.440796	1.133333
-0.921561	1.499487	1.150000
-0.592155	1.570916	1.166667
-0.583602	1.570916	1.183333
-0.414559	1.512225	1.200000
-0.406006	1.512225	1.216667
-0.397453	1.512225	1.233333
-0.549515	1.759785	1.250000
-0.219983	1.642406	1.266667
-0.532535	1.948713	1.283333
0.278338	1.844258	1.300000
0.126402	1.902946	1.316667
-0.025533	1.961634	1.333333
0.303872	2.033305	1.350000
0.151936	2.091993	1.366667
0.000000	2.150680	1.383333
1.131217	2.875400	1.400000
1.620476	3.836993	1.416667
4.035222	4.667309	1.433333
5.968114	6.251353	1.450000
8.703574	7.359023	1.466667
10.957433	8.842319	1.483333
13.211156	10.527384	1.500000
16.267189	12.123397	1.516667
19.002236	13.848463	1.533333
21.737405	15.389698	1.550000
24.633320	16.489928	1.566667
27.047631	17.970198	1.583333
29.622557	19.202927	1.600000
32.036857	20.699836	1.616667
34.451151	22.205417	1.633333
36.865439	23.719673	1.650000
39.600565	25.326001	1.666667
42.014840	26.858339	1.683333
44.589600	28.340835	1.700000
47.003728	30.093214	1.716667
49.899453	31.476810	1.733333
52.474331	32.782032	1.750000
55.049067	34.299344	1.766667
57.142329	36.000780	1.783333
59.395799	38.064927	1.800000
62.291217	39.907020	1.816667
64.544810	41.786760	1.833333
67.440353	43.442937	1.850000
70.175540	44.958336	1.866667
72.589743	46.599290	1.883333
75.004081	48.038138	1.900000
77.097153	50.024072	1.916667
79.671401	52.269758	1.933333
82.406272	54.257315	1.950000
84.659811	56.217705	1.966667
87.555299	57.954889	1.983333
89.969458	59.661779	2.000000
92.383611	61.377377	2.016667
94.957956	63.477384	2.033333
97.211316	65.705813	2.050000
100.106770	67.494171	2.066667
102.520750	69.467627	2.083333
105.095360	71.172837	2.100000
107.348690	73.445149	2.116667
109.762650	75.449217	2.133333
112.176304	77.908666	2.150000
114.750439	80.323429	2.166667
117.164075	82.809957	2.183333
119.577703	85.310021	2.200000
122.151658	87.991680	2.216667
124.565267	90.519728	2.233333
127.139355	93.003170	2.250000
129.552793	95.787282	2.266667
131.965911	99.046774	2.283333
134.379017	102.325682	2.300000
136.631776	105.449942	2.316667
139.044544	109.233113	2.333333
141.617941	112.747693	2.350000
143.870189	116.635583	2.366667
146.603887	120.373321	2.383333
148.855943	124.547070	2.400000
151.428959	128.631192	2.416667
153.841307	133.040233	2.433333
156.253474	137.720101	2.450000
158.826435	141.887151	2.466667
161.238561	146.627488	2.483333
163.811320	151.095672	2.500000
166.544548	155.534984	2.516667
169.117268	160.061150	2.533333
171.690303	164.116917	2.550000
174.102665	168.505342	2.566667
176.675160	173.366773	2.583333
179.087825	177.303684	2.600000
181.660623	181.713652	2.616667
184.394405	185.325079	2.633333
186.967686	189.013764	2.650000
189.059143	193.410745	2.666667
191.792538	197.601059	2.683333
194.205114	201.670448	2.700000
196.777989	205.965337	2.716667
199.351023	210.021697	2.733333
201.602713	214.742443	2.750000
204.335850	219.316967	2.766667
206.748171	223.766826	2.783333
209.160476	228.240724	2.800000
212.054230	232.566214	2.816667
214.466864	236.548781	2.833333
217.200281	240.706781	2.850000
219.452400	244.786963	2.866667
221.864994	248.829246	2.883333
224.277208	253.439240	2.900000
226.689405	258.073303	2.916667
229.583052	262.559412	2.933333
231.834915	267.021332	2.950000
234.407740	271.390374	2.966667
236.819875	276.118438	2.983333
238.910828	281.266282	3.000000
241.804016	286.436890	3.016667
244.376208	291.751141	3.033333
246.627404	297.208894	3.050000
249.360237	302.237815	3.066667
251.772268	307.120050	3.083333
254.344384	312.546917	3.100000
256.756382	317.479787	3.116667
259.328851	322.379716	3.133333
261.901304	327.303818	3.150000
264.152765	332.366137	3.166667
266.885081	338.166292	3.183333
269.136309	343.576648	3.200000
271.547608	349.551703	3.216667
274.280263	354.846902	3.233333
276.531435	360.339469	3.250000
278.942472	366.706061	3.266667
281.674259	373.296600	3.283333
284.085656	379.125153	3.300000
286.657317	385.231764	3.316667
289.228751	391.677376	3.333333
291.800781	397.232305	3.350000
294.212306	402.870613	3.366667
296.944789	408.422204	3.383333
299.516975	413.745084	3.400000
301.928447	419.462131	3.416667
304.500389	425.149226	3.433333
306.912037	430.603803	3.450000
309.162968	436.456128	3.466667
311.734644	442.540312	3.483333
314.467217	447.958128	3.500000
316.717880	454.211221	3.516667
319.128795	460.759222	3.533333
321.700177	467.282735	3.550000
324.271754	473.513323	3.566667
327.003582	480.043087	3.583333
329.254583	485.791280	3.600000
331.665395	492.493549	3.616667
334.397382	498.785076	3.633333
336.808596	504.887061	3.650000
339.379834	511.624929	3.666667
341.951722	517.392720	3.683333
344.362657	523.911396	3.700000
346.934285	530.066696	3.716667
349.184694	536.698778	3.733333
351.916546	543.191896	3.750000
354.167144	549.542140	3.766667
356.738012	556.832245	3.783333
359.148599	563.869974	3.800000
361.719652	570.883764	3.816667
364.451403	577.527804	3.833333
366.862160	584.313073	3.850000
369.272429	591.824810	3.866667
371.843866	598.265656	3.883333
374.254563	605.140302	3.900000
376.985978	612.285313	3.916667
379.396397	619.573960	3.933333
381.967758	626.128448	3.950000
384.378374	633.121950	3.966667
386.788972	640.144829	3.983333
389.038821	647.611866	4.000000
391.930115	655.609879	4.016667
394.501136	662.670697	4.033333
397.072382	669.397678	4.050000
399.322879	675.898020	4.066667
401.732867	683.830344	4.083333
404.303564	691.374864	4.100000
406.553019	699.430993	4.116667
409.123425	707.411284	4.133333
411.854792	714.628232	4.150000
414.264915	722.358105	4.166667
416.995991	730.009618	4.183333
419.567313	736.622121	4.200000
421.495914	744.609922	4.216667
424.065934	753.165508	4.233333
426.475442	761.814165	4.250000
429.205898	770.390581	4.266667
431.455125	778.787418	4.283333
434.507019	786.560070	4.300000
437.077948	793.759268	4.316667
439.327626	801.481938	4.333333
441.897998	809.512240	4.350000
444.468871	816.796097	4.366667
446.557741	825.052666	4.383333
449.609510	833.012527	4.400000
451.859088	840.885279	4.416667
454.429355	849.072748	4.433333
456.839114	857.347199	4.450000
459.248851	865.653875	4.466667
461.658299	874.391695	4.483333
464.228478	882.709640	4.500000
466.798367	891.461631	4.516667
469.528988	899.791089	4.533333
471.617642	908.370820	4.550000
474.026976	917.279728	4.566667
476.756439	927.337385	4.583333
479.165997	935.911875	4.600000
482.056992	944.355707	4.616667
484.145809	952.691739	4.633333
486.876275	961.253261	4.650000
489.446234	969.901429	4.666667
492.016170	978.581974	4.683333
494.586364	986.877751	4.700000
496.996052	995.257302	4.716667
499.245234	1003.720525	4.733333
501.975855	1012.051241	4.750000
504.224432	1021.418606	4.766667
506.954727	1030.235294	4.783333
509.203542	1039.246179	4.800000
511.451192	1049.996478	4.816667
514.180557	1060.201105	4.833333
516.749409	1070.500855	4.850000
519.480164	1078.630952	4.866667
521.568377	1087.868281	4.883333
524.298222	1097.357302	4.900000
527.028626	1106.010688	4.916667
529.277554	1114.854636	4.933333
531.686653	1124.112774	4.950000
534.095436	1133.842870	4.966667
536.503900	1144.049254	4.983333
539.233607	1153.744437	5.000000
541.803102	1163.084446	5.016667
544.533060	1172.403630	5.033333
547.103110	1180.915425	5.050000
549.191084	1190.509982	5.066667
551.759891	1200.875983	5.083333
553.847216	1211.439776	5.100000
556.575244	1223.639467	5.116667
559.304760	1233.619093	5.133333
561.713282	1243.740231	5.150000
564.443056	1253.333698	5.166667
567.012324	1263.012746	5.183333
569.421084	1272.777258	5.200000
571.830131	1282.113152	5.216667
574.078054	1292.456562	5.233333
576.807098	1303.140896	5.250000
579.537051	1312.467362	5.266667
581.945389	1322.862647	5.283333
584.836413	1331.262825	5.300000
586.603395	1340.994783	5.316667
589.332007	1352.323971	5.333333
591.579769	1362.907454	5.350000
593.826554	1374.947855	5.366667
596.554446	1387.351125	5.383333
599.122461	1398.900304	5.400000
601.690768	1410.012236	5.416667
604.419856	1420.630139	5.433333
606.668111	1430.477170	5.450000
609.397477	1440.680288	5.466667
611.645043	1451.556889	5.483333
614.374039	1462.312548	5.500000
616.943179	1472.181500	5.516667
619.351487	1482.620904	5.533333
622.080086	1493.968920	5.550000
624.328522	1503.545615	5.566667
627.056744	1515.457470	5.583333
629.465624	1525.043244	5.600000
631.713005	1536.194573	5.616667
634.280998	1547.774881	5.633333
636.367512	1559.548751	5.650000
639.094263	1573.655611	5.666667
641.983479	1584.753967	5.683333
644.230734	1596.094196	5.700000
646.959756	1606.810683	5.716667
649.368127	1617.156828	5.733333
651.454489	1629.158031	5.750000
654.504072	1640.380505	5.766667
656.751209	1651.895319	5.783333
659.480119	1662.779998	5.800000
661.727554	1673.851137	5.816667
663.973932	1686.498989	5.833333
666.862219	1698.983986	5.850000
669.430898	1709.541694	5.866667
671.677893	1721.269659	5.883333
674.085697	1732.461585	5.900000
676.491730	1746.296651	5.916667
679.379884	1758.979650	5.933333
681.466295	1770.907870	5.950000
684.193559	1784.248957	5.966667
686.761017	1796.628868	5.983333
689.329159	1807.987748	6.000000
692.057762	1819.328920	6.016667
694.626574	1829.688531	6.033333
696.713200	1841.294739	6.050000
699.602941	1851.610968	6.066667
701.688806	1864.353013	6.083333
704.256097	1876.982463	6.100000
706.502033	1890.290902	6.116667
709.551084	1902.307326	6.133333
712.120114	1912.340210	6.150000
714.206584	1924.179736	6.166667
716.612903	1937.587600	6.183333
719.340528	1950.390237	6.200000
721.426193	1963.431619	6.216667
724.313880	1976.811845	6.233333
726.400231	1988.829037	6.250000
729.448349	2002.238646	6.266667
731.855991	2013.671806	6.283333
734.423352	2026.196790	6.300000
736.830579	2038.250076	6.316667
739.398267	2050.286646	6.333333
741.804699	2063.525769	6.350000
744.533200	2075.020144	6.366667
746.619371	2087.305436	6.383333
749.507180	2100.504996	6.400000
751.753788	2112.809401	6.416667
754.319821	2127.317000	6.433333
757.048211	2138.976330	6.450000
759.133504	2152.573118	6.466667
761.860702	2166.011998	6.483333
764.428544	2177.819449	6.500000
766.674244	2191.478728	6.516667
769.722333	2204.931943	6.533333
771.969530	2216.358818	6.550000
774.537285	2228.294208	6.566667
776.943761	2241.468994	6.583333
779.350602	2254.097995	6.600000
781.917903	2266.711294	6.616667
784.003343	2280.088004	6.633333
786.569814	2293.940558	6.650000
789.135472	2309.007163	6.666667
791.701100	2324.119052	6.683333
794.267488	2338.094577	6.700000
796.835041	2350.332477	6.716667
799.401779	2363.787795	6.733333
801.809205	2375.542505	6.750000
804.054134	2390.354489	6.766667
806.941364	2404.417922	6.783333
809.187040	2418.113350	6.800000
811.914944	2430.498953	6.816667
814.802906	2443.469284	6.833333
817.050535	2454.250746	6.850000
819.135236	2468.730816	6.866667
821.701357	2483.106241	6.883333
823.945673	2498.832056	6.900000
826.832704	2513.193217	6.916667
829.076961	2529.006287	6.933333
832.124829	2542.788686	6.950000
834.371498	2555.002803	6.966667
836.937876	2568.995636	6.983333
839.344160	2582.455102	7.000000
842.072214	2594.616790	7.016667
844.317144	2609.426175	7.033333
847.205223	2622.222539	7.050000
849.451355	2635.238174	7.066667
852.018012	2648.813618	7.083333
853.942302	2663.235560	7.100000
856.667715	2679.338550	7.116667
859.072135	2695.580937	7.133333
861.638273	2709.931832	7.150000
864.203539	2725.581799	7.166667
866.769202	2740.640984	7.183333
869.495745	2755.058179	7.200000
871.741246	2769.015472	7.216667
874.307260	2783.550164	7.233333
876.712769	2798.167517	7.250000
879.278306	2813.414905	7.266667
882.005157	2827.371498	7.283333
884.732848	2840.075291	7.300000
886.657684	2853.682651	7.316667
889.383172	2869.672873	7.333333
892.109934	2883.763072	7.350000
894.195185	2897.422117	7.366667
896.759680	2914.224781	7.383333
899.486809	2927.767624	7.400000
901.732037	2942.131907	7.416667
904.296450	2959.056539	7.433333
906.378951	2976.820424	7.450000
909.264262	2993.746507	7.466667
911.990831	3008.125298	7.483333
914.396416	3022.628665	7.500000
916.801979	3037.165341	7.516667
919.688961	3051.599151	7.533333
921.934444	3065.582785	7.550000
924.340387	3079.551593	7.566667
926.905000	3096.177686	7.583333
929.470482	3111.506982	7.600000
931.715429	3126.291777	7.616667
934.441794	3140.974741	7.633333
937.008559	3154.388769	7.650000
939.413468	3169.900982	7.666667
941.979286	3184.728009	7.683333
944.063188	3200.400859	7.700000
946.466659	3218.059085	7.716667
949.191973	3234.311129	7.733333
951.434905	3252.102016	7.750000
954.319726	3269.760470	7.766667
956.884936	3285.495568	7.783333
959.451043	3299.892266	7.800000
962.016667	3315.008476	7.816667
964.261310	3330.246693	7.833333
966.665484	3346.857343	7.850000
969.391054	3362.725920	7.866667
971.795176	3379.413827	7.883333
974.360683	3394.704733	7.900000
977.086647	3409.985325	7.916667
979.652578	3424.644528	7.933333
982.058478	3438.678094	7.950000
983.981981	3454.273954	7.966667
986.866925	3471.750380	7.983333
989.110867	3488.034528	8.000000
991.674796	3505.680337	8.016667
994.399176	3523.325386	8.033333
996.803996	3538.971827	8.050000
999.208793	3554.651776	8.066667
1001.773092	3571.746363	8.083333
1004.337842	3588.166767	8.100000
1006.741611	3605.382021	8.116667
1009.467751	3620.400599	8.133333
1012.193389	3636.168196	8.150000
1014.599011	3650.616601	8.166667
1017.163644	3667.212442	8.183333
1019.408263	3682.485939	8.200000
1022.134782	3696.938533	8.216667
1024.057433	3713.807189	8.233333
1026.943417	3729.730176	8.250000
1029.025523	3748.083150	8.266667
1031.909014	3767.725611	8.283333
1034.153009	3783.930963	8.300000
1036.716466	3802.283002	8.316667
1039.601342	3819.859223	8.333333
1042.167207	3834.617062	8.350000
1044.572574	3849.445271	8.366667
1046.656472	3865.123807	8.383333
1048.898845	3883.749586	8.400000
1051.621631	3903.775221	8.416667
1054.345876	3921.621142	8.433333
1057.232069	3937.231770	8.450000
1059.799284	3949.974366	8.466667
1062.043528	3965.808236	8.483333
1064.770187	3980.051973	8.500000
1066.532958	3996.069184	8.516667
1069.094072	4017.918417	8.533333
1071.657165	4036.812187	8.550000
1074.221241	4054.239949	8.566667
1076.945263	4072.419225	8.583333
1079.510811	4087.650033	8.600000
1081.914846	4104.467440	8.616667
1084.479844	4120.517579	8.633333
1086.561860	4139.005781	8.650000
1089.446235	4157.329439	8.666667
1091.689187	4175.091392	8.683333
1094.252043	4194.340834	8.700000
1097.137366	4211.249034	8.716667
1099.382305	4226.046491	8.733333
1102.107625	4242.288636	8.750000
1104.512487	4257.871182	8.766667
1106.754782	4276.614115	8.783333
1109.480037	4292.952422	8.800000

1111.722802	4310.994123	8.816667
1114.446451	4329.729610	8.833333
1116.689688	4347.067189	8.850000
1119.252286	4366.699774	8.866667
1121.816952	4383.247523	8.883333
1124.381596	4399.826433	8.900000
1126.623164	4419.654681	8.916667
1129.507662	4437.794524	8.933333
1131.750758	4455.341924	8.950000
1134.474732	4473.593813	8.966667
1136.717781	4491.210231	8.983333
1139.280168	4511.158186	9.000000
1142.004067	4529.522432	9.016667
1144.407520	4547.206860	9.033333
1147.132971	4563.253938	9.050000
1149.537451	4579.407729	9.066667
1152.101316	4597.149271	9.083333
1154.505219	4614.163114	9.100000
1156.426062	4633.730492	9.116667
1159.147642	4655.554895	9.133333
1161.871347	4674.207531	9.150000
1164.274076	4692.974385	9.166667
1167.319765	4710.007696	9.183333
1169.563598	4726.455194	9.200000
1171.806869	4743.741838	9.216667
1174.370525	4761.795207	9.233333
1176.290076	4783.290675	9.250000
1179.493946	4803.711681	9.266667
1182.058622	4820.243469	9.283333
1184.300683	4839.334574	9.300000
1186.864220	4857.566864	9.316667
1189.266158	4877.513604	9.333333
1191.989571	4896.602018	9.350000
1193.910584	4915.915735	9.366667
1196.952684	4938.306811	9.383333
1199.688207	4939.321227	9.400000
1199.384662	4926.184490	9.416667
1198.776155	4889.259554	9.433333
1196.732072	4839.688788	9.450000
1194.366885	4790.422502	9.466667
1191.841612	4740.612136	9.483333
1189.315098	4692.653932	9.500000
1186.949450	4644.074949	9.516667
1184.586330	4591.724043	9.533333
1181.741068	4540.553904	9.550000
1179.213400	4494.319508	9.566667
1176.204687	4447.629281	9.583333
1173.995576	4404.890189	9.600000
1171.306483	4360.110545	9.616667
1168.614643	4319.431450	9.633333
1166.566151	4276.439303	9.650000
1163.555187	4233.109740	9.666667
1161.184966	4191.356248	9.683333
1158.815133	4149.023858	9.700000
1155.801730	4109.333236	9.716667
1153.750059	4071.088329	9.733333
1151.218872	4030.104423	9.750000
1148.366102	3990.141757	9.766667
1146.155121	3950.193543	9.783333
1143.461588	3912.040716	9.800000
1141.089396	3873.228897	9.816667
1138.557601	3833.153473	9.833333
1136.184680	3795.429929	9.850000
1133.491182	3757.224553	9.866667
1130.635623	3721.423933	9.883333
1128.098482	3689.327271	9.900000
1125.563683	3653.735442	9.916667
1123.349255	3618.933118	9.933333
1121.136652	3581.406849	9.950000
1118.602976	3544.139181	9.966667
1116.069184	3507.044413	9.983333
1113.374797	3470.165949	10.000000
1110.518870	3434.914115	10.016667
1108.142862	3401.797911	10.033333
1105.767228	3368.124397	10.050000
1103.392427	3333.206396	10.066667
1101.179856	3295.632765	10.083333
1098.163376	3260.534129	10.100000
1096.108743	3226.709002	10.116667
1093.092045	3191.937423	10.133333
1090.232067	3162.731728	10.150000
1088.175771	3131.388321	10.166667
1085.156957	3099.774936	10.183333
1083.260057	3070.005056	10.200000
1080.723395	3037.193285	10.216667
1078.025258	3005.912909	10.233333
1075.808021	2975.301624	10.250000
1073.110580	2942.981176	10.266667
1070.894478	2910.677511	10.283333
1068.196831	2878.664412	10.300000
1065.658253	2848.713278	10.316667
1063.442718	2815.563591	10.333333
1060.744332	2784.653645	10.350000
1058.366809	2753.798761	10.366667
1055.669082	2721.905320	10.383333
1052.969543	2692.716929	10.400000
1050.590450	2664.204755	10.416667
1047.891153	2634.654496	10.433333
1045.190499	2607.129699	10.450000
1042.971625	2578.963282	10.466667
1040.430867	2552.265757	10.483333
1038.211822	2524.353139	10.500000
1035.673381	2494.197347	10.516667
1033.134426	2464.808515	10.533333
1030.755854	2435.519243	10.550000
1027.894516	2408.343965	10.566667
1025.675830	2379.897229	10.583333
1023.136085	2351.687215	10.600000
1020.434960	2324.865262	10.616667
1017.893830	2298.721839	10.633333
1015.512702	2273.248430	10.650000
1013.132286	2246.711017	10.666667
1010.753361	2217.949634	10.683333
1007.891317	2191.828238	10.700000
1005.349760	2166.322220	10.716667
1002.807343	2142.100532	10.733333
1000.425332	2117.943413	10.750000
998.205270	2091.551244	10.766667
995.504051	2064.869446	10.783333
993.283805	2038.749995	10.800000
990.421158	2013.528847	10.816667
988.039873	1988.289282	10.833333
985.175924	1965.009809	10.850000
982.792975	1942.253363	10.866667
980.570810	1918.999478	10.883333
978.028713	1894.299234	10.900000
975.325678	1870.328474	10.916667
972.943527	1846.381733	10.933333
970.239961	1823.203682	10.950000
967.696435	1800.636231	10.966667
965.473801	1778.081346	10.983333
963.090968	1755.152689	11.000000
960.548645	1730.790147	11.016667
958.166716	1706.511856	11.033333
955.623858	1682.947371	11.050000
953.081267	1658.986385	11.066667
950.377750	1635.733934	11.083333
947.673102	1614.171430	11.100000
945.288652	1593.655496	11.116667
942.743994	1572.778082	11.133333
940.359748	1551.957276	11.150000
937.654803	1530.836582	11.166667
935.270752	1509.726174	11.183333
932.564979	1489.841549	11.200000
930.179432	1470.962041	11.216667
927.955649	1450.122759	11.233333
925.250003	1430.048785	11.250000
923.026070	1409.432169	11.266667
920.482083	1387.554821	11.283333
918.097837	1366.733428	11.300000
915.553028	1346.081956	11.316667
913.008464	1325.064201	11.333333
910.623980	1304.599078	11.350000
908.078932	1284.304067	11.366667
905.373001	1264.655713	11.383333
902.987965	1245.015187	11.400000
900.121082	1226.116068	11.416667
897.414297	1207.740833	11.433333
895.348761	1190.190022	11.450000
892.641843	1172.014784	11.466667
890.255208	1154.759453	11.483333
887.869434	1136.219305	11.500000
885.322797	1118.295995	11.516667
882.776700	1099.566934	11.533333
880.390408	1081.800140	11.550000
878.164834	1063.633256	11.566667
875.297844	1044.893816	11.583333
872.750557	1027.940905	11.600000
870.524472	1010.536954	11.616667
868.138421	992.410573	11.633333
865.591224	975.322792	11.650000
862.884345	957.089245	11.666667
859.694484	941.291182	11.683333
857.466614	926.550895	11.700000
854.917720	911.997125	11.716667
852.689745	897.414482	11.733333
850.302646	880.851373	11.750000
847.594226	864.918449	11.766667
845.527965	848.448691	11.783333
842.819690	832.297433	11.800000
840.110795	817.073889	11.816667
837.723084	801.423796	11.833333
835.013516	787.203829	11.850000
832.785623	772.497949	11.866667
830.397186	757.934096	11.883333
827.848471	743.111124	11.900000
825.460716	727.528098	11.916667
822.751654	712.552683	11.933333
820.041999	698.462602	11.950000
817.973969	684.632909	11.966667
815.264198	670.715874	11.983333
812.875082	657.164103	12.000000
810.165195	643.420165	12.016667
807.615479	630.091779	12.033333
805.547679	615.919899	12.050000
802.676875	602.872279	12.066667
799.966503	589.852719	12.083333
797.737034	577.498427	12.100000
795.186791	564.957061	12.116667
792.957470	552.383574	12.133333
790.407122	539.999351	12.150000
788.017697	526.907589	12.166667
785.306997	514.377280	12.183333
782.756487	502.235301	12.200000
780.366411	490.116242	12.216667
777.655308	478.187004	12.233333
775.264889	466.579362	12.250000
772.553682	454.805108	12.266667
770.002441	443.754049	12.283333
767.772361	432.313106	12.300000
765.060537	421.460091	12.316667
762.669179	411.253604	12.333333
760.278239	400.424680	12.350000
757.566505	389.437719	12.366667
755.335504	379.370911	12.383333
752.944424	368.749802	12.400000
750.072059	358.033141	12.416667
747.841594	347.165799	12.433333
745.129175	337.201057	12.450000
742.737467	327.517697	12.466667
740.024743	318.009038	12.483333
737.793005	309.041783	12.500000
735.401607	298.895768	12.516667
732.849675	288.876076	12.533333
730.297269	279.562841	12.550000
727.744610	270.628040	12.566667
725.031423	261.808049	12.583333
722.799452	253.189161	12.600000
720.246469	244.738022	12.616667
717.853730	236.593932	12.633333
715.461575	227.578335	12.650000
712.747993	219.349221	12.666667
710.355553	210.757234	12.683333
707.802183	202.884026	12.700000
705.087888	195.719269	12.716667
702.694739	188.186193	12.733333
699.820095	180.871449	12.750000
697.426487	174.024112	12.766667
695.033048	166.923851	12.783333
692.639384	160.159953	12.800000
690.245888	153.146291	12.816667
687.370897	146.348091	12.833333
685.137252	140.228115	12.850000
682.582990	133.685135	12.866667
680.028319	127.752222	12.883333
678.115578	121.625343	12.900000
675.400939	114.974547	12.916667
673.007059	108.533315	12.933333
670.292175	102.247595	12.950000
667.416032	97.168236	12.966667
665.342497	91.555768	12.983333
662.466314	86.536624	13.000000
660.071394	81.647870	13.016667
657.837309	76.184742	13.033333
655.281862	71.409486	13.050000
653.047556	66.276820	13.066667
650.492252	61.288460	13.083333
647.615773	56.711148	13.100000
645.220209	52.784470	13.116667
642.182854	48.843351	13.133333
639.947574	45.163060	13.150000
638.033435	41.122798	13.166667
635.477329	37.332642	13.183333
633.081872	33.244468	13.200000
630.365077	29.811586	13.216667
627.969074	26.539109	13.233333
625.412571	23.339950	13.250000
622.695398	20.470375	13.266667
620.459853	17.186124	13.283333
617.902979	14.541712	13.300000
615.827563	11.736074	13.316667
613.270673	9.115688	13.333333
610.713269	7.263351	13.350000
608.316685	4.857984	13.366667
605.759101	3.272646	13.383333
603.522491	1.577910	13.400000
601.446031	0.330650	13.416667
598.887935	-0.489985	13.433333
597.132281	-1.596671	13.450000
594.895158	-2.526790	13.466667
592.979011	-3.569516	13.483333
590.902373	-4.551328	13.500000
588.825733	-5.530068	13.516667
586.588767	-6.694469	13.533333
584.672776	-7.970625	13.550000
582.435805	-9.127045	13.566667
580.198996	-10.524554	13.583333
577.320064	-11.440889	13.600000
574.762108	-12.468985	13.616667
572.043822	-13.678698	13.633333
568.683253	-14.165550	13.650000
563.396980	-14.196669	13.666667
537.727008	-4.442283	13.683333
537.413119	-2.140998	13.700000
541.433402	-2.859491	13.716667
544.009776	-3.786226	13.733333
540.487740	-2.755220	13.750000
539.052057	-2.477110	13.766667
538.419144	-2.974616	13.783333
533.934176	-1.595605	13.800000
537.152992	-3.482616	13.816667
532.026555	-2.599198	13.833333
530.270057	-2.446720	13.850000
527.550951	-2.430628	13.866667
523.868587	-1.582019	13.883333
522.112250	-1.670202	13.900000
519.072003	-1.294206	13.916667
516.513060	-0.850018	13.933333
516.361771	-1.757323	13.950000
512.198101	-0.973765	13.966667
513.009744	-2.227076	13.983333
507.562324	-1.218858	14.000000
505.645495	-1.244466	14.016667
501.963450	-0.871875	14.033333
498.923039	-0.250355	14.050000
497.648164	-0.506020	14.066667
496.533938	-1.058605	14.083333
493.975312	-1.088334	14.100000
493.663529	-1.928835	14.116667
486.932353	-0.687384	14.133333
484.694383	-0.352664	14.150000
481.814617	-0.024035	14.166667
480.379250	-0.216783	14.183333
480.067464	-1.052927	14.200000
477.188016	-1.197610	14.216667
473.826941	-0.929284	14.233333
471.107820	-0.891924	14.250000
466.462674	0.079633	14.266667
466.150726	-0.514748	14.283333
462.468512	0.109966	14.300000
461.835586	-0.367216	14.316667
460.561178	-1.319923	14.333333
457.039767	-1.222216	14.350000
453.839175	-1.003537	14.366667
449.675492	-0.200298	14.383333
447.437674	-0.092975	14.400000
446.483924	-0.684272	14.416667
442.320240	0.121110	14.433333
442.650399	-0.932861	14.450000
439.449803	-0.708504	14.466667
436.570185	-0.599191	14.483333
434.974632	-1.186940	14.500000
430.329635	-0.436416	14.516667
427.610346	-0.148637	14.533333
424.570080	0.255932	14.550000
423.295190	0.022203	14.566667
422.341434	-0.559622	14.583333
419.782944	-0.791727	14.600000
416.422008	-0.731724	14.616667
415.147272	-1.193818	14.633333
410.502268	-0.434699	14.650000
408.103954	-0.256831	14.666667
404.903349	-0.018720	14.683333
402.826011	0.044347	14.700000
401.230139	-0.066338	14.716667
399.313597	-0.520753	14.733333
397.717879	-0.859897	14.750000
394.677913	-0.904554	14.766667
390.193393	-0.194973	14.783333
387.634738	-0.181905	14.800000
385.075930	0.061154	14.816667
383.640543	-0.102177	14.833333
382.205463	-0.722001	14.850000
379.165339	-0.530550	14.866667
376.285703	-0.396176	14.883333
372.924600	-0.086251	14.900000
371.328875	-0.415030	14.916667
369.091193	-0.510129	14.933333
366.211554	-0.371504	14.950000
363.492404	-0.289983	14.966667
360.933742	-0.265578	14.983333
358.375080	-0.240117	15.000000
356.137394	-0.329972	15.016667
352.776134	0.214296	15.033333
351.822510	-0.564754	15.050000
348.782377	-0.360511	15.066667
347.026156	-0.620791	15.083333
343.825533	-0.356221	15.100000
340.624910	-0.090568	15.116667
337.424286	0.176169	15.133333
336.630845	-0.205206	15.150000
333.430370	-0.160386	15.166667
331.834633	-0.472675	15.183333
329.115622	-0.599599	15.200000
327.038417	-0.734912	15.216667
323.677300	-0.403324	15.233333
319.995204	0.045826	15.250000
318.078336	0.077653	15.266667
316.322107	-0.170208	15.283333
313.763431	-0.125818	15.300000
311.846859	-0.534865	15.316667
308.485738	-0.196861	15.333333
306.569016	-0.382100	15.350000
303.208041	-0.262631	15.366667
300.970192	-0.108585	15.383333
299.053468	-0.290718	15.400000
295.532001	-0.109028	15.416667
294.096742	-0.463669	15.433333
291.698549	-0.467623	15.450000
288.177080	-0.281672	15.466667
285.778738	-0.064387	15.483333
283.701521	-0.181772	15.500000
281.142836	-0.123243	15.516667
279.386742	-0.573303	15.533333
275.544143	-0.046021	15.550000
274.429857	-0.508847	15.566667
270.587403	-0.196750	15.583333
268.349693	-0.249103	15.600000
265.791003	-0.183787	15.616667
263.232313	-0.117422	15.633333
260.833966	0.108011	15.650000
260.040799	-0.681493	15.666667
255.877361	-0.244500	15.683333
254.923703	-0.972564	15.700000
250.439141	-0.200421	15.716667
248.201424	-0.243966	15.733333
245.482240	-0.111435	15.750000
243.083889	0.119943	15.766667
241.969594	-0.329213	15.783333
239.090062	-0.349463	15.800000
236.371018	-0.426457	15.816667
234.775396	-0.910411	15.833333
229.809361	0.046053	15.850000
229.337018	-0.630794	15.866667
225.333915	-0.022392	15.883333
223.738147	-0.288590	15.900000
221.500565	-0.532349	15.916667
218.941861	-0.445955	15.933333
216.062179	-0.241734	15.950000
213.985083	-0.539731	15.966667
209.500508	0.250830	15.983333
208.867529	-0.148342	16.000000
205.827496	-0.092073	16.016667
204.873679	-0.583256	16.033333
201.833785	-0.734058	16.050000
198.151652	-0.229667	16.066667
196.555876	-0.483661	16.083333
192.713252	0.081290	16.100000
190.315030	0.121487	16.116667
189.040230	-0.246301	16.133333
186.160678	-0.237162	16.150000
185.046506	-0.869248	16.166667
181.204017	-0.506271	16.183333
179.126769	-0.577067	16.200000
176.407702	-0.620286	16.216667
172.564934	0.161214	16.233333
171.611107	-0.315670	16.250000
168.731549	-0.296560	16.266667
166.172829	-0.186571	16.283333
165.219138	-0.866184	16.300000
160.734686	-0.257885	16.316667
159.138899	-0.495133	16.333333
156.419825	-0.527126	16.350000
153.219008	0.027577	16.366667
152.104823	-0.586687	16.383333
148.422811	-0.263578	16.400000
146.185064	-0.261279	16.416667
143.626474	-0.344712	16.433333
140.586280	-0.047603	16.450000
139.792933	-0.568506	16.466667
136.913362	-0.530795	16.483333
134.033790	-0.491480	16.500000
132.438266	-1.120990	16.516667
126.990730	0.060136	16.533333
126.839200	-0.487092	16.550000
122.515222	0.084741	16.566667
120.598310	0.182819	16.583333
120.286425	-0.504971	16.600000
116.604535	-0.364118	16.616667
115.490336	-0.957230	16.633333
111.968933	-0.870728	16.650000
108.126282	-0.265307	16.666667
106.691102	-0.736641	16.683333
102.527472	-0.011728	16.700000
101.092156	-0.281247	16.716667
99.335862	-0.432648	16.733333
96.295786	-0.313008	16.750000
95.663047	-1.070336	16.766667
90.857588	-0.303207	16.783333
88.298977	-0.354499	16.800000

85.900722	-0.265510	16.816667
82.379041	0.234609	16.833333
82.548612	-0.611753	16.850000
79.027062	-0.306112	16.866667
77.431512	-0.898197	16.883333
75.033385	-0.999248	16.900000
69.746450	-0.043825	16.916667
68.471482	-0.161321	16.933333
66.554819	-0.434050	16.950000
64.317046	-0.393211	16.966667
63.042468	-1.092097	16.983333
57.916148	-0.381829	17.000000
56.159710	-0.318930	17.016667
53.280106	-0.232363	17.033333
50.239883	0.107754	17.050000
49.928105	-0.740990	17.066667
46.727649	-0.725439	17.083333
45.131955	-1.101711	17.100000
42.091857	-0.948603	17.116667
36.965270	0.160405	17.133333
36.492869	-0.430482	17.150000
32.008237	0.446057	17.166667
32.017303	-0.318840	17.183333
29.940136	-0.510996	17.200000
27.060649	-0.598721	17.216667
25.465075	-1.153586	17.233333
21.301544	-0.577647	17.250000
17.779842	-0.045288	17.266667
16.184137	-0.405340	17.283333
12.341455	0.246739	17.300000
12.511131	-0.756115	17.316667
8.989552	-0.407510	17.333333
6.912375	-0.585585	17.350000
4.032751	-0.468589	17.366667
0.511169	-0.115175	17.383333
