Number of Data Points = 8
        
File	hc(nm)	Pmax(µN)	S(µN/nm)	A(nm^2)	hmax(nm)	heff(nm)	Er(GPa)	H(GPa)	A	hf(nm)	m	X(mm)	Y(mm)	Drift(nm/s)
nPEO 0000 DC.hys	226.186706	26.23297	4.284714	1100737.954374	241.190759	230.778548	3.618384	0.023832	4.284714	224.656092	1.0	-135.161506	-93.685004	1.270629
nPEO 0002 DC.hys	235.014152	11.607073	1.82509	1180065.181475	241.100299	239.783947	1.488559	0.009836	0.000341	218.182934	3.396532	-135.151506	-93.685504	0.98446
nPEO 0003 DC.hys	238.507735	5.647497	3.013649	1212365.345896	241.365332	239.913214	2.424995	0.004658	3.013649	238.039241	1.0	-135.161506	-93.680504	0.678214
nPEO 0004 DC.hys	236.300389	15.692436	2.910139	1191897.301108	241.288764	240.344638	2.361724	0.013166	0.014332	226.12766	2.636518	-135.156506	-93.680504	0.421139
nPEO 0005 DC.hys	234.167242	19.039455	2.686516	1172312.495172	240.983749	239.482525	2.198379	0.016241	0.000149	213.803221	3.623415	-135.151506	-93.680504	0.304592
nPEO 0006 DC.hys	237.06692	12.501355	2.845049	1198981.805827	241.575057	240.362476	2.302069	0.010427	0.887047	234.051948	1.436145	-135.161506	-93.675504	0.250526
nPEO 0007 DC.hys	234.329274	19.607028	2.783914	1173793.412687	240.847747	239.611502	2.276643	0.016704	0.000538	216.161903	3.329504	-135.156506	-93.675504	0.188793
nPEO 0008 DC.hys	234.636133	19.868759	2.596958	1176601.032174	241.597162	240.37422	2.121217	0.016887	0.009486	220.727438	2.567944	-135.151506	-93.675504	0.177316
