Number of Data Points = 9
        
File	hc(nm)	Pmax(µN)	S(µN/nm)	A(nm^2)	hmax(nm)	heff(nm)	Er(GPa)	H(GPa)	A	hf(nm)	m	X(mm)	Y(mm)	Drift(nm/s)
0p1UCA-LHU-0424010 0000 DC.hys	222.757922	26.521776	0.895973	1070805.419158	240.885449	244.958729	0.76714	0.024768	0.000316	167.739714	2.608656	-135.295506	-92.312504	0.041094
0p1UCA-LHU-0424010 0001 DC.hys	223.569636	21.539094	0.764364	1077847.163722	240.722004	244.703953	0.652314	0.019983	2.305656e-006	146.176362	3.496479	-135.290506	-92.312504	0.198604
0p1UCA-LHU-0424010 0002 DC.hys	224.429406	20.049803	0.77883	1085335.786227	240.078949	243.737024	0.662362	0.018473	3.850992e-005	165.917492	3.022882	-135.286006	-92.312504	0.197082
0p1UCA-LHU-0424010 0003 DC.hys	229.093374	14.727395	0.790808	1126497.494181	240.88966	243.060785	0.660148	0.013074	3.360369e-005	183.794686	3.182378	-135.296006	-92.307504	0.242615
0p1UCA-LHU-0424010 0004 DC.hys	219.335282	14.432755	0.365847	1041415.324057	241.296264	248.922995	0.31763	0.013859	3.495284e-005	140.138247	2.757515	-135.290506	-92.307504	0.218885
0p1UCA-LHU-0424010 0005 DC.hys	221.767974	20.418441	0.621041	1062254.638288	241.667828	246.426281	0.533877	0.019222	1.771523e-006	133.356294	3.439104	-135.286006	-92.307504	0.154974
0p1UCA-LHU-0424010 0006 DC.hys	225.399569	14.882115	0.536563	1093823.000265	240.810844	246.201579	0.45455	0.013606	0.000131	171.397125	2.697015	-135.296006	-92.303004	0.220653
0p1UCA-LHU-0424010 0007 DC.hys	222.929132	17.203352	0.529277	1072288.408845	241.533689	247.306757	0.452858	0.016044	1.056089e-005	146.523135	3.100701	-135.290506	-92.303004	0.200718
0p1UCA-LHU-0424010 0008 DC.hys	220.798637	23.26234	0.711501	1053921.437136	241.173981	245.319682	0.614054	0.022072	5.336583e-006	138.348508	3.271817	-135.286006	-92.302504	0.153206
